3.1500e+01 -2.9874e-01 9.5989e-01 -1.2476e+00 -6.6092e-01 -4.6682e-01 1.4891e+00 2.0914e-01 8.2277e-02 4.1078e-02 
3.1600e+01 -2.9874e-01 9.5989e-01 -1.2476e+00 -6.6092e-01 -4.6682e-01 1.4891e+00 2.0914e-01 8.2278e-02 4.1078e-02 
3.1700e+01 -2.9874e-01 9.5989e-01 -1.2476e+00 -6.6092e-01 -4.6682e-01 1.4891e+00 2.0914e-01 8.2278e-02 4.1078e-02 
3.1800e+01 -2.9874e-01 9.5989e-01 -1.2476e+00 -6.6092e-01 -4.6682e-01 1.4891e+00 2.0914e-01 8.2279e-02 4.1078e-02 
3.1900e+01 -2.9874e-01 9.5989e-01 -1.2476e+00 -6.6092e-01 -4.6682e-01 1.4891e+00 2.0914e-01 8.2279e-02 4.1078e-02 
3.1595e+01 -3.0162e-01 9.5795e-01 -1.2476e+00 -6.5787e-01 -4.5764e-01 1.5672e+00 2.1478e-01 8.4013e-02 4.1897e-02 
3.1695e+01 -3.0162e-01 9.5795e-01 -1.2476e+00 -6.5787e-01 -4.5764e-01 1.5672e+00 2.1478e-01 8.4013e-02 4.1897e-02 
3.1795e+01 -3.0162e-01 9.5795e-01 -1.2476e+00 -6.5787e-01 -4.5764e-01 1.5672e+00 2.1478e-01 8.4014e-02 4.1897e-02 
3.1895e+01 -3.0162e-01 9.5795e-01 -1.2476e+00 -6.5787e-01 -4.5764e-01 1.5672e+00 2.1478e-01 8.4014e-02 4.1897e-02 
3.1995e+01 -3.0162e-01 9.5795e-01 -1.2476e+00 -6.5787e-01 -4.5764e-01 1.5672e+00 2.1478e-01 8.4015e-02 4.1897e-02 
3.1700e+01 -3.0449e-01 9.5601e-01 -1.2476e+00 -6.5486e-01 -4.4869e-01 -1.4963e+00 2.2061e-01 8.5783e-02 4.2730e-02 
3.1800e+01 -3.0449e-01 9.5601e-01 -1.2476e+00 -6.5486e-01 -4.4869e-01 -1.4963e+00 2.2061e-01 8.5783e-02 4.2730e-02 
3.1900e+01 -3.0449e-01 9.5601e-01 -1.2476e+00 -6.5486e-01 -4.4869e-01 -1.4963e+00 2.2062e-01 8.5784e-02 4.2730e-02 
3.2000e+01 -3.0449e-01 9.5601e-01 -1.2476e+00 -6.5486e-01 -4.4869e-01 -1.4963e+00 2.2062e-01 8.5785e-02 4.2730e-02 
3.2100e+01 -3.0449e-01 9.5601e-01 -1.2476e+00 -6.5486e-01 -4.4869e-01 -1.4963e+00 2.2062e-01 8.5785e-02 4.2730e-02 
3.1795e+01 -3.0737e-01 9.5407e-01 -1.2476e+00 -6.5189e-01 -4.3996e-01 -1.4189e+00 2.2666e-01 8.7589e-02 4.3577e-02 
3.1895e+01 -3.0737e-01 9.5407e-01 -1.2476e+00 -6.5188e-01 -4.3996e-01 -1.4189e+00 2.2666e-01 8.7589e-02 4.3577e-02 
3.1995e+01 -3.0736e-01 9.5407e-01 -1.2476e+00 -6.5188e-01 -4.3996e-01 -1.4189e+00 2.2666e-01 8.7590e-02 4.3577e-02 
3.2095e+01 -3.0736e-01 9.5407e-01 -1.2476e+00 -6.5188e-01 -4.3996e-01 -1.4189e+00 2.2666e-01 8.7590e-02 4.3577e-02 
3.2195e+01 -3.0736e-01 9.5407e-01 -1.2476e+00 -6.5188e-01 -4.3996e-01 -1.4189e+00 2.2666e-01 8.7591e-02 4.3577e-02 
3.1900e+01 -3.1024e-01 9.5213e-01 -1.2477e+00 -6.4894e-01 -4.3143e-01 -1.3431e+00 2.3292e-01 8.9431e-02 4.4439e-02 
3.2000e+01 -3.1024e-01 9.5213e-01 -1.2477e+00 -6.4894e-01 -4.3143e-01 -1.3431e+00 2.3292e-01 8.9432e-02 4.4439e-02 
3.2100e+01 -3.1023e-01 9.5213e-01 -1.2477e+00 -6.4894e-01 -4.3142e-01 -1.3431e+00 2.3292e-01 8.9432e-02 4.4439e-02 
3.2200e+01 -3.1023e-01 9.5213e-01 -1.2477e+00 -6.4894e-01 -4.3142e-01 -1.3431e+00 2.3292e-01 8.9433e-02 4.4439e-02 
3.2300e+01 -3.1023e-01 9.5213e-01 -1.2477e+00 -6.4894e-01 -4.3142e-01 -1.3431e+00 2.3292e-01 8.9434e-02 4.4439e-02 
3.1995e+01 -3.1310e-01 9.5019e-01 -1.2477e+00 -6.4604e-01 -4.2309e-01 -1.2696e+00 2.3941e-01 9.1311e-02 4.5316e-02 
3.2095e+01 -3.1310e-01 9.5019e-01 -1.2477e+00 -6.4604e-01 -4.2308e-01 -1.2696e+00 2.3941e-01 9.1311e-02 4.5316e-02 
3.2195e+01 -3.1310e-01 9.5019e-01 -1.2477e+00 -6.4604e-01 -4.2308e-01 -1.2696e+00 2.3941e-01 9.1312e-02 4.5316e-02 
3.2295e+01 -3.1310e-01 9.5019e-01 -1.2477e+00 -6.4604e-01 -4.2308e-01 -1.2696e+00 2.3941e-01 9.1313e-02 4.5316e-02 
3.2395e+01 -3.1310e-01 9.5019e-01 -1.2477e+00 -6.4604e-01 -4.2308e-01 -1.2696e+00 2.3941e-01 9.1313e-02 4.5316e-02 
3.2100e+01 -3.1597e-01 9.4824e-01 -1.2478e+00 -6.4316e-01 -4.1493e-01 -1.1989e+00 2.4615e-01 9.3229e-02 4.6208e-02 
3.2200e+01 -3.1597e-01 9.4824e-01 -1.2478e+00 -6.4316e-01 -4.1493e-01 -1.1989e+00 2.4615e-01 9.3229e-02 4.6208e-02 
3.2300e+01 -3.1596e-01 9.4824e-01 -1.2478e+00 -6.4316e-01 -4.1492e-01 -1.1989e+00 2.4615e-01 9.3230e-02 4.6208e-02 
3.2400e+01 -3.1596e-01 9.4824e-01 -1.2478e+00 -6.4316e-01 -4.1492e-01 -1.1989e+00 2.4615e-01 9.3231e-02 4.6208e-02 
3.2500e+01 -3.1596e-01 9.4824e-01 -1.2478e+00 -6.4316e-01 -4.1492e-01 -1.1989e+00 2.4615e-01 9.3231e-02 4.6208e-02 
3.2195e+01 -3.1883e-01 9.4630e-01 -1.2478e+00 -6.4032e-01 -4.0694e-01 -1.1316e+00 2.5315e-01 9.5185e-02 4.7116e-02 
3.2295e+01 -3.1883e-01 9.4630e-01 -1.2478e+00 -6.4032e-01 -4.0694e-01 -1.1316e+00 2.5315e-01 9.5186e-02 4.7116e-02 
3.2395e+01 -3.1882e-01 9.4630e-01 -1.2478e+00 -6.4032e-01 -4.0694e-01 -1.1316e+00 2.5315e-01 9.5187e-02 4.7116e-02 
3.2495e+01 -3.1882e-01 9.4630e-01 -1.2478e+00 -6.4032e-01 -4.0694e-01 -1.1316e+00 2.5315e-01 9.5187e-02 4.7116e-02 
3.2595e+01 -3.1882e-01 9.4630e-01 -1.2478e+00 -6.4032e-01 -4.0693e-01 -1.1316e+00 2.5315e-01 9.5188e-02 4.7116e-02 
3.2300e+01 -3.2168e-01 9.4435e-01 -1.2479e+00 -6.3751e-01 -3.9911e-01 -1.0678e+00 2.6042e-01 9.7182e-02 4.8039e-02 
3.2400e+01 -3.2168e-01 9.4435e-01 -1.2479e+00 -6.3751e-01 -3.9911e-01 -1.0678e+00 2.6042e-01 9.7183e-02 4.8039e-02 
3.2500e+01 -3.2168e-01 9.4435e-01 -1.2479e+00 -6.3751e-01 -3.9911e-01 -1.0678e+00 2.6042e-01 9.7184e-02 4.8039e-02 
3.2600e+01 -3.2168e-01 9.4435e-01 -1.2479e+00 -6.3751e-01 -3.9911e-01 -1.0678e+00 2.6042e-01 9.7184e-02 4.8039e-02 
3.2700e+01 -3.2168e-01 9.4435e-01 -1.2479e+00 -6.3751e-01 -3.9911e-01 -1.0678e+00 2.6042e-01 9.7185e-02 4.8039e-02 
3.2395e+01 -3.2454e-01 9.4240e-01 -1.2480e+00 -6.3473e-01 -3.9143e-01 -1.0076e+00 2.6799e-01 9.9220e-02 4.8978e-02 
3.2495e+01 -3.2454e-01 9.4240e-01 -1.2480e+00 -6.3473e-01 -3.9143e-01 -1.0076e+00 2.6799e-01 9.9221e-02 4.8978e-02 
3.2595e+01 -3.2454e-01 9.4240e-01 -1.2480e+00 -6.3473e-01 -3.9143e-01 -1.0076e+00 2.6799e-01 9.9221e-02 4.8979e-02 
3.2695e+01 -3.2454e-01 9.4240e-01 -1.2480e+00 -6.3473e-01 -3.9143e-01 -1.0076e+00 2.6799e-01 9.9222e-02 4.8979e-02 
3.2795e+01 -3.2454e-01 9.4240e-01 -1.2480e+00 -6.3473e-01 -3.9143e-01 -1.0076e+00 2.6799e-01 9.9223e-02 4.8979e-02 
3.2500e+01 -3.2739e-01 9.4045e-01 -1.2481e+00 -6.3198e-01 -3.8390e-01 -9.5116e-01 2.7587e-01 1.0130e-01 4.9934e-02 
3.2600e+01 -3.2739e-01 9.4045e-01 -1.2481e+00 -6.3198e-01 -3.8390e-01 -9.5116e-01 2.7587e-01 1.0130e-01 4.9934e-02 
3.2700e+01 -3.2739e-01 9.4045e-01 -1.2481e+00 -6.3198e-01 -3.8390e-01 -9.5116e-01 2.7587e-01 1.0130e-01 4.9934e-02 
3.2800e+01 -3.2739e-01 9.4045e-01 -1.2481e+00 -6.3197e-01 -3.8390e-01 -9.5116e-01 2.7587e-01 1.0130e-01 4.9935e-02 
3.2900e+01 -3.2739e-01 9.4045e-01 -1.2481e+00 -6.3197e-01 -3.8390e-01 -9.5116e-01 2.7587e-01 1.0130e-01 4.9935e-02 
