1.0000e-02 6.0720e+00 
2.0000e-02 1.8113e+01 
3.0000e-02 3.3477e+01 
4.0000e-02 4.6730e+01 
5.0000e-02 5.7172e+01 
6.0000e-02 6.5237e+01 
7.0000e-02 7.1519e+01 
8.0000e-02 7.6522e+01 
9.0000e-02 8.0621e+01 
1.0000e-01 8.4078e+01 
1.1000e-01 8.7070e+01 
1.2000e-01 8.9715e+01 
1.3000e-01 9.2091e+01 
1.4000e-01 9.4253e+01 
1.5000e-01 9.6238e+01 
1.6000e-01 9.8076e+01 
1.7000e-01 9.9790e+01 
1.8000e-01 1.0140e+02 
1.9000e-01 1.0292e+02 
2.0000e-01 1.0438e+02 
2.1000e-01 1.0577e+02 
2.2000e-01 1.0712e+02 
2.3000e-01 1.0844e+02 
2.4000e-01 1.0974e+02 
2.5000e-01 1.1104e+02 
2.6000e-01 1.1234e+02 
2.7000e-01 1.1366e+02 
2.8000e-01 1.1503e+02 
2.9000e-01 1.1645e+02 
3.0000e-01 1.1795e+02 
3.1000e-01 1.1955e+02 
3.2000e-01 1.2129e+02 
3.3000e-01 1.2320e+02 
3.4000e-01 1.2534e+02 
3.5000e-01 1.2776e+02 
3.6000e-01 1.3055e+02 
3.7000e-01 1.3382e+02 
3.8000e-01 1.3773e+02 
3.9000e-01 1.4250e+02 
4.0000e-01 1.4842e+02 
4.1000e-01 1.5593e+02 
4.2000e-01 1.6567e+02 
4.3000e-01 1.7861e+02 
4.4000e-01 1.9618e+02 
4.5000e-01 2.2056e+02 
4.6000e-01 2.5495e+02 
4.7000e-01 3.0365e+02 
4.8000e-01 3.7083e+02 
4.9000e-01 4.5557e+02 
5.0000e-01 5.4114e+02 
5.1000e-01 5.9140e+02 
5.2000e-01 5.8051e+02 
5.3000e-01 5.2386e+02 
5.4000e-01 4.5484e+02 
5.5000e-01 3.9355e+02 
5.6000e-01 3.4527e+02 
5.7000e-01 3.0880e+02 
5.8000e-01 2.8149e+02 
5.9000e-01 2.6093e+02 
6.0000e-01 2.4528e+02 
6.1000e-01 2.3322e+02 
6.2000e-01 2.2381e+02 
6.3000e-01 2.1641e+02 
6.4000e-01 2.1053e+02 
6.5000e-01 2.0583e+02 
6.6000e-01 2.0206e+02 
6.7000e-01 1.9903e+02 
6.8000e-01 1.9660e+02 
6.9000e-01 1.9465e+02 
7.0000e-01 1.9311e+02 
7.1000e-01 1.9190e+02 
7.2000e-01 1.9098e+02 
7.3000e-01 1.9030e+02 
7.4000e-01 1.8983e+02 
7.5000e-01 1.8953e+02 
7.6000e-01 1.8940e+02 
7.7000e-01 1.8940e+02 
7.8000e-01 1.8952e+02 
7.9000e-01 1.8976e+02 
8.0000e-01 1.9009e+02 
8.1000e-01 1.9052e+02 
8.2000e-01 1.9104e+02 
8.3000e-01 1.9163e+02 
8.4000e-01 1.9230e+02 
8.5000e-01 1.9304e+02 
8.6000e-01 1.9385e+02 
8.7000e-01 1.9472e+02 
8.8000e-01 1.9566e+02 
8.9000e-01 1.9667e+02 
9.0000e-01 1.9773e+02 
9.1000e-01 1.9886e+02 
9.2000e-01 2.0006e+02 
9.3000e-01 2.0132e+02 
9.4000e-01 2.0264e+02 
9.5000e-01 2.0404e+02 
9.6000e-01 2.0550e+02 
9.7000e-01 2.0704e+02 
9.8000e-01 2.0866e+02 
9.9000e-01 2.1035e+02 
1.0000e+00 2.1212e+02 
1.0100e+00 2.1398e+02 
1.0200e+00 2.1593e+02 
1.0300e+00 2.1798e+02 
1.0400e+00 2.2012e+02 
1.0500e+00 2.2237e+02 
1.0600e+00 2.2473e+02 
1.0700e+00 2.2721e+02 
1.0800e+00 2.2980e+02 
1.0900e+00 2.3253e+02 
1.1000e+00 2.3538e+02 
1.1100e+00 2.3838e+02 
1.1200e+00 2.4152e+02 
1.1300e+00 2.4481e+02 
1.1400e+00 2.4826e+02 
1.1500e+00 2.5187e+02 
1.1600e+00 2.5564e+02 
1.1700e+00 2.5959e+02 
1.1800e+00 2.6371e+02 
1.1900e+00 2.6801e+02 
1.2000e+00 2.7249e+02 
1.2100e+00 2.7714e+02 
1.2200e+00 2.8196e+02 
1.2300e+00 2.8696e+02 
1.2400e+00 2.9211e+02 
1.2500e+00 2.9741e+02 
1.2600e+00 3.0285e+02 
1.2700e+00 3.0842e+02 
1.2800e+00 3.1408e+02 
1.2900e+00 3.1981e+02 
1.3000e+00 3.2560e+02 
1.3100e+00 3.3140e+02 
1.3200e+00 3.3719e+02 
1.3300e+00 3.4293e+02 
1.3400e+00 3.4857e+02 
1.3500e+00 3.5409e+02 
1.3600e+00 3.5942e+02 
1.3700e+00 3.6455e+02 
1.3800e+00 3.6941e+02 
1.3900e+00 3.7399e+02 
1.4000e+00 3.7823e+02 
1.4100e+00 3.8212e+02 
1.4200e+00 3.8562e+02 
1.4300e+00 3.8872e+02 
1.4400e+00 3.9139e+02 
1.4500e+00 3.9364e+02 
1.4600e+00 3.9547e+02 
1.4700e+00 3.9687e+02 
1.4800e+00 3.9785e+02 
1.4900e+00 3.9844e+02 
1.5000e+00 3.9865e+02 
1.5100e+00 3.9850e+02 
1.5200e+00 3.9803e+02 
1.5300e+00 3.9725e+02 
1.5400e+00 3.9620e+02 
1.5500e+00 3.9491e+02 
1.5600e+00 3.9341e+02 
1.5700e+00 3.9172e+02 
1.5800e+00 3.8987e+02 
1.5900e+00 3.8789e+02 
1.6000e+00 3.8581e+02 
1.6100e+00 3.8364e+02 
1.6200e+00 3.8141e+02 
1.6300e+00 3.7914e+02 
1.6400e+00 3.7684e+02 
1.6500e+00 3.7453e+02 
1.6600e+00 3.7222e+02 
1.6700e+00 3.6993e+02 
1.6800e+00 3.6767e+02 
1.6900e+00 3.6543e+02 
1.7000e+00 3.6324e+02 
1.7100e+00 3.6110e+02 
1.7200e+00 3.5901e+02 
1.7300e+00 3.5697e+02 
1.7400e+00 3.5500e+02 
1.7500e+00 3.5309e+02 
1.7600e+00 3.5125e+02 
1.7700e+00 3.4947e+02 
1.7800e+00 3.4777e+02 
1.7900e+00 3.4613e+02 
1.8000e+00 3.4456e+02 
1.8100e+00 3.4306e+02 
1.8200e+00 3.4164e+02 
1.8300e+00 3.4028e+02 
1.8400e+00 3.3899e+02 
1.8500e+00 3.3776e+02 
1.8600e+00 3.3661e+02 
1.8700e+00 3.3552e+02 
1.8800e+00 3.3449e+02 
1.8900e+00 3.3353e+02 
1.9000e+00 3.3263e+02 
1.9100e+00 3.3179e+02 
1.9200e+00 3.3102e+02 
1.9300e+00 3.3030e+02 
1.9400e+00 3.2964e+02 
1.9500e+00 3.2904e+02 
1.9600e+00 3.2849e+02 
1.9700e+00 3.2800e+02 
1.9800e+00 3.2757e+02 
1.9900e+00 3.2718e+02 
2.0000e+00 3.2685e+02 
2.0100e+00 3.2657e+02 
2.0200e+00 3.2633e+02 
2.0300e+00 3.2615e+02 
2.0400e+00 3.2601e+02 
2.0500e+00 3.2592e+02 
2.0600e+00 3.2587e+02 
2.0700e+00 3.2587e+02 
2.0800e+00 3.2591e+02 
2.0900e+00 3.2599e+02 
2.1000e+00 3.2611e+02 
2.1100e+00 3.2627e+02 
2.1200e+00 3.2648e+02 
2.1300e+00 3.2672e+02 
2.1400e+00 3.2699e+02 
2.1500e+00 3.2730e+02 
2.1600e+00 3.2765e+02 
2.1700e+00 3.2803e+02 
2.1800e+00 3.2845e+02 
2.1900e+00 3.2889e+02 
2.2000e+00 3.2937e+02 
2.2100e+00 3.2987e+02 
2.2200e+00 3.3040e+02 
2.2300e+00 3.3096e+02 
2.2400e+00 3.3155e+02 
2.2500e+00 3.3216e+02 
2.2600e+00 3.3279e+02 
2.2700e+00 3.3344e+02 
2.2800e+00 3.3411e+02 
2.2900e+00 3.3481e+02 
2.3000e+00 3.3552e+02 
2.3100e+00 3.3624e+02 
2.3200e+00 3.3698e+02 
2.3300e+00 3.3773e+02 
2.3400e+00 3.3850e+02 
2.3500e+00 3.3927e+02 
2.3600e+00 3.4006e+02 
2.3700e+00 3.4085e+02 
2.3800e+00 3.4164e+02 
2.3900e+00 3.4244e+02 
2.4000e+00 3.4324e+02 
2.4100e+00 3.4404e+02 
2.4200e+00 3.4484e+02 
2.4300e+00 3.4563e+02 
2.4400e+00 3.4642e+02 
2.4500e+00 3.4721e+02 
2.4600e+00 3.4799e+02 
2.4700e+00 3.4876e+02 
2.4800e+00 3.4951e+02 
2.4900e+00 3.5026e+02 
2.5000e+00 3.5099e+02 
2.5100e+00 3.5171e+02 
2.5200e+00 3.5241e+02 
2.5300e+00 3.5310e+02 
2.5400e+00 3.5376e+02 
2.5500e+00 3.5441e+02 
2.5600e+00 3.5503e+02 
2.5700e+00 3.5563e+02 
2.5800e+00 3.5621e+02 
2.5900e+00 3.5676e+02 
2.6000e+00 3.5729e+02 
2.6100e+00 3.5780e+02 
2.6200e+00 3.5828e+02 
2.6300e+00 3.5873e+02 
2.6400e+00 3.5915e+02 
2.6500e+00 3.5955e+02 
2.6600e+00 3.5991e+02 
2.6700e+00 3.6025e+02 
2.6800e+00 3.6056e+02 
2.6900e+00 3.6085e+02 
2.7000e+00 3.6110e+02 
2.7100e+00 3.6132e+02 
2.7200e+00 3.6152e+02 
2.7300e+00 3.6169e+02 
2.7400e+00 3.6182e+02 
2.7500e+00 3.6194e+02 
2.7600e+00 3.6202e+02 
2.7700e+00 3.6207e+02 
2.7800e+00 3.6210e+02 
2.7900e+00 3.6211e+02 
2.8000e+00 3.6208e+02 
2.8100e+00 3.6203e+02 
2.8200e+00 3.6196e+02 
2.8300e+00 3.6186e+02 
2.8400e+00 3.6175e+02 
2.8500e+00 3.6160e+02 
2.8600e+00 3.6144e+02 
2.8700e+00 3.6125e+02 
2.8800e+00 3.6105e+02 
2.8900e+00 3.6083e+02 
2.9000e+00 3.6058e+02 
2.9100e+00 3.6032e+02 
2.9200e+00 3.6005e+02 
2.9300e+00 3.5976e+02 
2.9400e+00 3.5945e+02 
2.9500e+00 3.5913e+02 
2.9600e+00 3.5879e+02 
2.9700e+00 3.5844e+02 
2.9800e+00 3.5808e+02 
2.9900e+00 3.5771e+02 
3.0000e+00 3.5733e+02 
3.0100e+00 3.5694e+02 
3.0200e+00 3.5654e+02 
3.0300e+00 3.5614e+02 
3.0400e+00 3.5572e+02 
3.0500e+00 3.5530e+02 
3.0600e+00 3.5488e+02 
3.0700e+00 3.5445e+02 
3.0800e+00 3.5401e+02 
3.0900e+00 3.5357e+02 
3.1000e+00 3.5313e+02 
3.1100e+00 3.5269e+02 
3.1200e+00 3.5224e+02 
3.1300e+00 3.5179e+02 
3.1400e+00 3.5134e+02 
3.1500e+00 3.5089e+02 
3.1600e+00 3.5044e+02 
3.1700e+00 3.4999e+02 
3.1800e+00 3.4954e+02 
3.1900e+00 3.4910e+02 
3.2000e+00 3.4865e+02 
3.2100e+00 3.4821e+02 
3.2200e+00 3.4777e+02 
3.2300e+00 3.4733e+02 
3.2400e+00 3.4689e+02 
3.2500e+00 3.4646e+02 
3.2600e+00 3.4603e+02 
3.2700e+00 3.4561e+02 
3.2800e+00 3.4519e+02 
3.2900e+00 3.4478e+02 
3.3000e+00 3.4436e+02 
3.3100e+00 3.4396e+02 
3.3200e+00 3.4356e+02 
3.3300e+00 3.4316e+02 
3.3400e+00 3.4277e+02 
3.3500e+00 3.4239e+02 
3.3600e+00 3.4201e+02 
3.3700e+00 3.4163e+02 
3.3800e+00 3.4127e+02 
3.3900e+00 3.4091e+02 
3.4000e+00 3.4055e+02 
3.4100e+00 3.4020e+02 
3.4200e+00 3.3985e+02 
3.4300e+00 3.3952e+02 
3.4400e+00 3.3918e+02 
3.4500e+00 3.3886e+02 
3.4600e+00 3.3854e+02 
3.4700e+00 3.3822e+02 
3.4800e+00 3.3792e+02 
3.4900e+00 3.3761e+02 
3.5000e+00 3.3732e+02 
1.0000e-02 7.1888e+00 
2.0000e-02 1.7911e+01 
3.0000e-02 3.3048e+01 
4.0000e-02 4.6332e+01 
5.0000e-02 5.6836e+01 
6.0000e-02 6.4941e+01 
7.0000e-02 7.1235e+01 
8.0000e-02 7.6232e+01 
9.0000e-02 8.0315e+01 
1.0000e-01 8.3754e+01 
1.1000e-01 8.6729e+01 
1.2000e-01 8.9358e+01 
1.3000e-01 9.1721e+01 
1.4000e-01 9.3872e+01 
1.5000e-01 9.5848e+01 
1.6000e-01 9.7679e+01 
1.7000e-01 9.9388e+01 
1.8000e-01 1.0099e+02 
1.9000e-01 1.0251e+02 
2.0000e-01 1.0396e+02 
2.1000e-01 1.0535e+02 
2.2000e-01 1.0670e+02 
2.3000e-01 1.0803e+02 
2.4000e-01 1.0933e+02 
2.5000e-01 1.1064e+02 
2.6000e-01 1.1195e+02 
2.7000e-01 1.1330e+02 
2.8000e-01 1.1470e+02 
2.9000e-01 1.1617e+02 
3.0000e-01 1.1773e+02 
3.1000e-01 1.1942e+02 
3.2000e-01 1.2128e+02 
3.3000e-01 1.2335e+02 
3.4000e-01 1.2571e+02 
3.5000e-01 1.2843e+02 
3.6000e-01 1.3164e+02 
3.7000e-01 1.3551e+02 
3.8000e-01 1.4026e+02 
3.9000e-01 1.4622e+02 
4.0000e-01 1.5390e+02 
4.1000e-01 1.6402e+02 
4.2000e-01 1.7772e+02 
4.3000e-01 1.9677e+02 
4.4000e-01 2.2393e+02 
4.5000e-01 2.6339e+02 
4.6000e-01 3.2088e+02 
4.7000e-01 4.0132e+02 
4.8000e-01 4.9950e+02 
4.9000e-01 5.8349e+02 
5.0000e-01 6.0476e+02 
5.1000e-01 5.5617e+02 
5.2000e-01 4.7853e+02 
5.3000e-01 4.0609e+02 
5.4000e-01 3.4951e+02 
5.5000e-01 3.0784e+02 
5.6000e-01 2.7749e+02 
5.7000e-01 2.5521e+02 
5.8000e-01 2.3863e+02 
5.9000e-01 2.2610e+02 
6.0000e-01 2.1650e+02 
6.1000e-01 2.0905e+02 
6.2000e-01 2.0322e+02 
6.3000e-01 1.9861e+02 
6.4000e-01 1.9497e+02 
6.5000e-01 1.9207e+02 
6.6000e-01 1.8978e+02 
6.7000e-01 1.8797e+02 
6.8000e-01 1.8656e+02 
6.9000e-01 1.8548e+02 
7.0000e-01 1.8468e+02 
7.1000e-01 1.8411e+02 
7.2000e-01 1.8375e+02 
7.3000e-01 1.8355e+02 
7.4000e-01 1.8351e+02 
7.5000e-01 1.8360e+02 
7.6000e-01 1.8381e+02 
7.7000e-01 1.8412e+02 
7.8000e-01 1.8453e+02 
7.9000e-01 1.8503e+02 
8.0000e-01 1.8561e+02 
8.1000e-01 1.8626e+02 
8.2000e-01 1.8699e+02 
8.3000e-01 1.8778e+02 
8.4000e-01 1.8864e+02 
8.5000e-01 1.8957e+02 
8.6000e-01 1.9055e+02 
8.7000e-01 1.9160e+02 
8.8000e-01 1.9270e+02 
8.9000e-01 1.9387e+02 
9.0000e-01 1.9510e+02 
9.1000e-01 1.9640e+02 
9.2000e-01 1.9776e+02 
9.3000e-01 1.9918e+02 
9.4000e-01 2.0068e+02 
9.5000e-01 2.0224e+02 
9.6000e-01 2.0388e+02 
9.7000e-01 2.0560e+02 
9.8000e-01 2.0740e+02 
9.9000e-01 2.0929e+02 
1.0000e+00 2.1127e+02 
1.0100e+00 2.1334e+02 
1.0200e+00 2.1551e+02 
1.0300e+00 2.1779e+02 
1.0400e+00 2.2018e+02 
1.0500e+00 2.2269e+02 
1.0600e+00 2.2532e+02 
1.0700e+00 2.2808e+02 
1.0800e+00 2.3098e+02 
1.0900e+00 2.3402e+02 
1.1000e+00 2.3721e+02 
1.1100e+00 2.4056e+02 
1.1200e+00 2.4407e+02 
1.1300e+00 2.4775e+02 
1.1400e+00 2.5161e+02 
1.1500e+00 2.5565e+02 
1.1600e+00 2.5988e+02 
1.1700e+00 2.6429e+02 
1.1800e+00 2.6890e+02 
1.1900e+00 2.7369e+02 
1.2000e+00 2.7868e+02 
1.2100e+00 2.8385e+02 
1.2200e+00 2.8920e+02 
1.2300e+00 2.9471e+02 
1.2400e+00 3.0038e+02 
1.2500e+00 3.0619e+02 
1.2600e+00 3.1212e+02 
1.2700e+00 3.1813e+02 
1.2800e+00 3.2421e+02 
1.2900e+00 3.3032e+02 
1.3000e+00 3.3642e+02 
1.3100e+00 3.4247e+02 
1.3200e+00 3.4842e+02 
1.3300e+00 3.5424e+02 
1.3400e+00 3.5987e+02 
1.3500e+00 3.6527e+02 
1.3600e+00 3.7040e+02 
1.3700e+00 3.7520e+02 
1.3800e+00 3.7965e+02 
1.3900e+00 3.8370e+02 
1.4000e+00 3.8733e+02 
1.4100e+00 3.9051e+02 
1.4200e+00 3.9323e+02 
1.4300e+00 3.9549e+02 
1.4400e+00 3.9728e+02 
1.4500e+00 3.9860e+02 
1.4600e+00 3.9949e+02 
1.4700e+00 3.9994e+02 
1.4800e+00 3.9998e+02 
1.4900e+00 3.9965e+02 
1.5000e+00 3.9897e+02 
1.5100e+00 3.9798e+02 
1.5200e+00 3.9670e+02 
1.5300e+00 3.9518e+02 
1.5400e+00 3.9344e+02 
1.5500e+00 3.9152e+02 
1.5600e+00 3.8944e+02 
1.5700e+00 3.8724e+02 
1.5800e+00 3.8495e+02 
1.5900e+00 3.8258e+02 
1.6000e+00 3.8016e+02 
1.6100e+00 3.7771e+02 
1.6200e+00 3.7525e+02 
1.6300e+00 3.7279e+02 
1.6400e+00 3.7034e+02 
1.6500e+00 3.6792e+02 
1.6600e+00 3.6554e+02 
1.6700e+00 3.6321e+02 
1.6800e+00 3.6092e+02 
1.6900e+00 3.5870e+02 
1.7000e+00 3.5654e+02 
1.7100e+00 3.5445e+02 
1.7200e+00 3.5243e+02 
1.7300e+00 3.5048e+02 
1.7400e+00 3.4861e+02 
1.7500e+00 3.4681e+02 
1.7600e+00 3.4509e+02 
1.7700e+00 3.4344e+02 
1.7800e+00 3.4187e+02 
1.7900e+00 3.4037e+02 
1.8000e+00 3.3895e+02 
1.8100e+00 3.3761e+02 
1.8200e+00 3.3634e+02 
1.8300e+00 3.3514e+02 
1.8400e+00 3.3401e+02 
1.8500e+00 3.3295e+02 
1.8600e+00 3.3195e+02 
1.8700e+00 3.3103e+02 
1.8800e+00 3.3017e+02 
1.8900e+00 3.2938e+02 
1.9000e+00 3.2865e+02 
1.9100e+00 3.2798e+02 
1.9200e+00 3.2737e+02 
1.9300e+00 3.2682e+02 
1.9400e+00 3.2633e+02 
1.9500e+00 3.2590e+02 
1.9600e+00 3.2552e+02 
1.9700e+00 3.2519e+02 
1.9800e+00 3.2492e+02 
1.9900e+00 3.2470e+02 
2.0000e+00 3.2453e+02 
2.0100e+00 3.2441e+02 
2.0200e+00 3.2434e+02 
2.0300e+00 3.2432e+02 
2.0400e+00 3.2434e+02 
2.0500e+00 3.2441e+02 
2.0600e+00 3.2452e+02 
2.0700e+00 3.2468e+02 
2.0800e+00 3.2488e+02 
2.0900e+00 3.2512e+02 
2.1000e+00 3.2540e+02 
2.1100e+00 3.2571e+02 
2.1200e+00 3.2607e+02 
2.1300e+00 3.2646e+02 
2.1400e+00 3.2689e+02 
2.1500e+00 3.2735e+02 
2.1600e+00 3.2784e+02 
2.1700e+00 3.2837e+02 
2.1800e+00 3.2893e+02 
2.1900e+00 3.2951e+02 
2.2000e+00 3.3013e+02 
2.2100e+00 3.3077e+02 
2.2200e+00 3.3144e+02 
2.2300e+00 3.3213e+02 
2.2400e+00 3.3284e+02 
2.2500e+00 3.3358e+02 
2.2600e+00 3.3434e+02 
2.2700e+00 3.3511e+02 
2.2800e+00 3.3590e+02 
2.2900e+00 3.3671e+02 
2.3000e+00 3.3753e+02 
2.3100e+00 3.3836e+02 
2.3200e+00 3.3921e+02 
2.3300e+00 3.4006e+02 
2.3400e+00 3.4092e+02 
2.3500e+00 3.4179e+02 
2.3600e+00 3.4265e+02 
2.3700e+00 3.4353e+02 
2.3800e+00 3.4440e+02 
2.3900e+00 3.4527e+02 
2.4000e+00 3.4613e+02 
2.4100e+00 3.4699e+02 
2.4200e+00 3.4785e+02 
2.4300e+00 3.4870e+02 
2.4400e+00 3.4953e+02 
2.4500e+00 3.5036e+02 
2.4600e+00 3.5117e+02 
2.4700e+00 3.5197e+02 
2.4800e+00 3.5275e+02 
2.4900e+00 3.5351e+02 
2.5000e+00 3.5426e+02 
2.5100e+00 3.5498e+02 
2.5200e+00 3.5568e+02 
2.5300e+00 3.5636e+02 
2.5400e+00 3.5702e+02 
2.5500e+00 3.5765e+02 
2.5600e+00 3.5825e+02 
2.5700e+00 3.5883e+02 
2.5800e+00 3.5938e+02 
2.5900e+00 3.5990e+02 
2.6000e+00 3.6039e+02 
2.6100e+00 3.6085e+02 
2.6200e+00 3.6129e+02 
2.6300e+00 3.6169e+02 
2.6400e+00 3.6206e+02 
2.6500e+00 3.6240e+02 
2.6600e+00 3.6271e+02 
2.6700e+00 3.6298e+02 
2.6800e+00 3.6323e+02 
2.6900e+00 3.6344e+02 
2.7000e+00 3.6363e+02 
2.7100e+00 3.6378e+02 
2.7200e+00 3.6391e+02 
2.7300e+00 3.6400e+02 
2.7400e+00 3.6407e+02 
2.7500e+00 3.6410e+02 
2.7600e+00 3.6411e+02 
2.7700e+00 3.6409e+02 
2.7800e+00 3.6404e+02 
2.7900e+00 3.6397e+02 
2.8000e+00 3.6387e+02 
2.8100e+00 3.6375e+02 
2.8200e+00 3.6361e+02 
2.8300e+00 3.6344e+02 
2.8400e+00 3.6325e+02 
2.8500e+00 3.6304e+02 
2.8600e+00 3.6280e+02 
2.8700e+00 3.6255e+02 
2.8800e+00 3.6228e+02 
2.8900e+00 3.6200e+02 
2.9000e+00 3.6169e+02 
2.9100e+00 3.6137e+02 
2.9200e+00 3.6104e+02 
2.9300e+00 3.6069e+02 
2.9400e+00 3.6033e+02 
2.9500e+00 3.5996e+02 
2.9600e+00 3.5958e+02 
2.9700e+00 3.5918e+02 
2.9800e+00 3.5878e+02 
2.9900e+00 3.5837e+02 
3.0000e+00 3.5795e+02 
3.0100e+00 3.5752e+02 
3.0200e+00 3.5709e+02 
3.0300e+00 3.5665e+02 
3.0400e+00 3.5621e+02 
3.0500e+00 3.5576e+02 
3.0600e+00 3.5531e+02 
3.0700e+00 3.5485e+02 
3.0800e+00 3.5440e+02 
3.0900e+00 3.5394e+02 
3.1000e+00 3.5348e+02 
3.1100e+00 3.5302e+02 
3.1200e+00 3.5256e+02 
3.1300e+00 3.5211e+02 
3.1400e+00 3.5165e+02 
3.1500e+00 3.5119e+02 
3.1600e+00 3.5074e+02 
3.1700e+00 3.5029e+02 
3.1800e+00 3.4984e+02 
3.1900e+00 3.4939e+02 
3.2000e+00 3.4895e+02 
3.2100e+00 3.4851e+02 
3.2200e+00 3.4808e+02 
3.2300e+00 3.4765e+02 
3.2400e+00 3.4722e+02 
3.2500e+00 3.4680e+02 
3.2600e+00 3.4638e+02 
3.2700e+00 3.4597e+02 
3.2800e+00 3.4557e+02 
3.2900e+00 3.4517e+02 
3.3000e+00 3.4478e+02 
3.3100e+00 3.4439e+02 
3.3200e+00 3.4401e+02 
3.3300e+00 3.4363e+02 
3.3400e+00 3.4326e+02 
3.3500e+00 3.4290e+02 
3.3600e+00 3.4254e+02 
3.3700e+00 3.4219e+02 
3.3800e+00 3.4185e+02 
3.3900e+00 3.4151e+02 
3.4000e+00 3.4118e+02 
3.4100e+00 3.4086e+02 
3.4200e+00 3.4054e+02 
3.4300e+00 3.4023e+02 
3.4400e+00 3.3992e+02 
3.4500e+00 3.3962e+02 
3.4600e+00 3.3933e+02 
3.4700e+00 3.3905e+02 
3.4800e+00 3.3877e+02 
3.4900e+00 3.3849e+02 
3.5000e+00 3.3823e+02 
1.0000e-02 8.8081e+00 
2.0000e-02 1.8001e+01 
3.0000e-02 3.2839e+01 
4.0000e-02 4.6123e+01 
5.0000e-02 5.6669e+01 
6.0000e-02 6.4797e+01 
7.0000e-02 7.1089e+01 
8.0000e-02 7.6067e+01 
9.0000e-02 8.0124e+01 
1.0000e-01 8.3535e+01 
1.1000e-01 8.6483e+01 
1.2000e-01 8.9090e+01 
1.3000e-01 9.1435e+01 
1.4000e-01 9.3570e+01 
1.5000e-01 9.5534e+01 
1.6000e-01 9.7354e+01 
1.7000e-01 9.9054e+01 
1.8000e-01 1.0065e+02 
1.9000e-01 1.0217e+02 
2.0000e-01 1.0361e+02 
2.1000e-01 1.0500e+02 
2.2000e-01 1.0635e+02 
2.3000e-01 1.0767e+02 
2.4000e-01 1.0898e+02 
2.5000e-01 1.1030e+02 
2.6000e-01 1.1164e+02 
2.7000e-01 1.1301e+02 
2.8000e-01 1.1445e+02 
2.9000e-01 1.1597e+02 
3.0000e-01 1.1762e+02 
3.1000e-01 1.1942e+02 
3.2000e-01 1.2143e+02 
3.3000e-01 1.2372e+02 
3.4000e-01 1.2637e+02 
3.5000e-01 1.2952e+02 
3.6000e-01 1.3333e+02 
3.7000e-01 1.3805e+02 
3.8000e-01 1.4406e+02 
3.9000e-01 1.5190e+02 
4.0000e-01 1.6243e+02 
4.1000e-01 1.7699e+02 
4.2000e-01 1.9778e+02 
4.3000e-01 2.2833e+02 
4.4000e-01 2.7427e+02 
4.5000e-01 3.4325e+02 
4.6000e-01 4.4044e+02 
4.7000e-01 5.5052e+02 
4.8000e-01 6.1738e+02 
4.9000e-01 5.9322e+02 
5.0000e-01 5.1040e+02 
5.1000e-01 4.2420e+02 
5.2000e-01 3.5672e+02 
5.3000e-01 3.0833e+02 
5.4000e-01 2.7417e+02 
5.5000e-01 2.4983e+02 
5.6000e-01 2.3217e+02 
5.7000e-01 2.1911e+02 
5.8000e-01 2.0929e+02 
5.9000e-01 2.0180e+02 
6.0000e-01 1.9602e+02 
6.1000e-01 1.9152e+02 
6.2000e-01 1.8800e+02 
6.3000e-01 1.8524e+02 
6.4000e-01 1.8309e+02 
6.5000e-01 1.8142e+02 
6.6000e-01 1.8014e+02 
6.7000e-01 1.7919e+02 
6.8000e-01 1.7850e+02 
6.9000e-01 1.7805e+02 
7.0000e-01 1.7778e+02 
7.1000e-01 1.7769e+02 
7.2000e-01 1.7773e+02 
7.3000e-01 1.7791e+02 
7.4000e-01 1.7819e+02 
7.5000e-01 1.7858e+02 
7.6000e-01 1.7906e+02 
7.7000e-01 1.7962e+02 
7.8000e-01 1.8026e+02 
7.9000e-01 1.8097e+02 
8.0000e-01 1.8175e+02 
8.1000e-01 1.8259e+02 
8.2000e-01 1.8349e+02 
8.3000e-01 1.8446e+02 
8.4000e-01 1.8548e+02 
8.5000e-01 1.8657e+02 
8.6000e-01 1.8771e+02 
8.7000e-01 1.8891e+02 
8.8000e-01 1.9017e+02 
8.9000e-01 1.9150e+02 
9.0000e-01 1.9288e+02 
9.1000e-01 1.9433e+02 
9.2000e-01 1.9585e+02 
9.3000e-01 1.9744e+02 
9.4000e-01 1.9911e+02 
9.5000e-01 2.0085e+02 
9.6000e-01 2.0267e+02 
9.7000e-01 2.0457e+02 
9.8000e-01 2.0657e+02 
9.9000e-01 2.0866e+02 
1.0000e+00 2.1085e+02 
1.0100e+00 2.1315e+02 
1.0200e+00 2.1556e+02 
1.0300e+00 2.1809e+02 
1.0400e+00 2.2075e+02 
1.0500e+00 2.2354e+02 
1.0600e+00 2.2647e+02 
1.0700e+00 2.2955e+02 
1.0800e+00 2.3278e+02 
1.0900e+00 2.3617e+02 
1.1000e+00 2.3974e+02 
1.1100e+00 2.4349e+02 
1.1200e+00 2.4742e+02 
1.1300e+00 2.5154e+02 
1.1400e+00 2.5586e+02 
1.1500e+00 2.6038e+02 
1.1600e+00 2.6510e+02 
1.1700e+00 2.7004e+02 
1.1800e+00 2.7517e+02 
1.1900e+00 2.8051e+02 
1.2000e+00 2.8605e+02 
1.2100e+00 2.9178e+02 
1.2200e+00 2.9768e+02 
1.2300e+00 3.0373e+02 
1.2400e+00 3.0992e+02 
1.2500e+00 3.1623e+02 
1.2600e+00 3.2260e+02 
1.2700e+00 3.2902e+02 
1.2800e+00 3.3545e+02 
1.2900e+00 3.4182e+02 
1.3000e+00 3.4811e+02 
1.3100e+00 3.5425e+02 
1.3200e+00 3.6020e+02 
1.3300e+00 3.6590e+02 
1.3400e+00 3.7130e+02 
1.3500e+00 3.7635e+02 
1.3600e+00 3.8101e+02 
1.3700e+00 3.8523e+02 
1.3800e+00 3.8900e+02 
1.3900e+00 3.9227e+02 
1.4000e+00 3.9504e+02 
1.4100e+00 3.9730e+02 
1.4200e+00 3.9904e+02 
1.4300e+00 4.0029e+02 
1.4400e+00 4.0105e+02 
1.4500e+00 4.0135e+02 
1.4600e+00 4.0121e+02 
1.4700e+00 4.0068e+02 
1.4800e+00 3.9977e+02 
1.4900e+00 3.9854e+02 
1.5000e+00 3.9702e+02 
1.5100e+00 3.9525e+02 
1.5200e+00 3.9326e+02 
1.5300e+00 3.9110e+02 
1.5400e+00 3.8878e+02 
1.5500e+00 3.8635e+02 
1.5600e+00 3.8384e+02 
1.5700e+00 3.8126e+02 
1.5800e+00 3.7865e+02 
1.5900e+00 3.7602e+02 
1.6000e+00 3.7339e+02 
1.6100e+00 3.7077e+02 
1.6200e+00 3.6819e+02 
1.6300e+00 3.6564e+02 
1.6400e+00 3.6315e+02 
1.6500e+00 3.6072e+02 
1.6600e+00 3.5835e+02 
1.6700e+00 3.5605e+02 
1.6800e+00 3.5383e+02 
1.6900e+00 3.5169e+02 
1.7000e+00 3.4962e+02 
1.7100e+00 3.4764e+02 
1.7200e+00 3.4574e+02 
1.7300e+00 3.4392e+02 
1.7400e+00 3.4219e+02 
1.7500e+00 3.4054e+02 
1.7600e+00 3.3897e+02 
1.7700e+00 3.3749e+02 
1.7800e+00 3.3608e+02 
1.7900e+00 3.3475e+02 
1.8000e+00 3.3351e+02 
1.8100e+00 3.3233e+02 
1.8200e+00 3.3123e+02 
1.8300e+00 3.3021e+02 
1.8400e+00 3.2926e+02 
1.8500e+00 3.2837e+02 
1.8600e+00 3.2756e+02 
1.8700e+00 3.2681e+02 
1.8800e+00 3.2613e+02 
1.8900e+00 3.2552e+02 
1.9000e+00 3.2496e+02 
1.9100e+00 3.2447e+02 
1.9200e+00 3.2404e+02 
1.9300e+00 3.2366e+02 
1.9400e+00 3.2335e+02 
1.9500e+00 3.2309e+02 
1.9600e+00 3.2288e+02 
1.9700e+00 3.2273e+02 
1.9800e+00 3.2263e+02 
1.9900e+00 3.2258e+02 
2.0000e+00 3.2258e+02 
2.0100e+00 3.2262e+02 
2.0200e+00 3.2272e+02 
2.0300e+00 3.2286e+02 
2.0400e+00 3.2305e+02 
2.0500e+00 3.2328e+02 
2.0600e+00 3.2356e+02 
2.0700e+00 3.2388e+02 
2.0800e+00 3.2423e+02 
2.0900e+00 3.2463e+02 
2.1000e+00 3.2507e+02 
2.1100e+00 3.2554e+02 
2.1200e+00 3.2605e+02 
2.1300e+00 3.2660e+02 
2.1400e+00 3.2717e+02 
2.1500e+00 3.2779e+02 
2.1600e+00 3.2843e+02 
2.1700e+00 3.2910e+02 
2.1800e+00 3.2980e+02 
2.1900e+00 3.3053e+02 
2.2000e+00 3.3128e+02 
2.2100e+00 3.3206e+02 
2.2200e+00 3.3286e+02 
2.2300e+00 3.3368e+02 
2.2400e+00 3.3452e+02 
2.2500e+00 3.3538e+02 
2.2600e+00 3.3626e+02 
2.2700e+00 3.3715e+02 
2.2800e+00 3.3806e+02 
2.2900e+00 3.3897e+02 
2.3000e+00 3.3990e+02 
2.3100e+00 3.4083e+02 
2.3200e+00 3.4177e+02 
2.3300e+00 3.4271e+02 
2.3400e+00 3.4366e+02 
2.3500e+00 3.4460e+02 
2.3600e+00 3.4555e+02 
2.3700e+00 3.4649e+02 
2.3800e+00 3.4742e+02 
2.3900e+00 3.4835e+02 
2.4000e+00 3.4927e+02 
2.4100e+00 3.5018e+02 
2.4200e+00 3.5107e+02 
2.4300e+00 3.5195e+02 
2.4400e+00 3.5282e+02 
2.4500e+00 3.5367e+02 
2.4600e+00 3.5450e+02 
2.4700e+00 3.5531e+02 
2.4800e+00 3.5609e+02 
2.4900e+00 3.5686e+02 
2.5000e+00 3.5759e+02 
2.5100e+00 3.5830e+02 
2.5200e+00 3.5899e+02 
2.5300e+00 3.5965e+02 
2.5400e+00 3.6027e+02 
2.5500e+00 3.6087e+02 
2.5600e+00 3.6144e+02 
2.5700e+00 3.6197e+02 
2.5800e+00 3.6247e+02 
2.5900e+00 3.6294e+02 
2.6000e+00 3.6338e+02 
2.6100e+00 3.6378e+02 
2.6200e+00 3.6415e+02 
2.6300e+00 3.6449e+02 
2.6400e+00 3.6479e+02 
2.6500e+00 3.6506e+02 
2.6600e+00 3.6530e+02 
2.6700e+00 3.6550e+02 
2.6800e+00 3.6567e+02 
2.6900e+00 3.6581e+02 
2.7000e+00 3.6591e+02 
2.7100e+00 3.6599e+02 
2.7200e+00 3.6603e+02 
2.7300e+00 3.6604e+02 
2.7400e+00 3.6603e+02 
2.7500e+00 3.6598e+02 
2.7600e+00 3.6591e+02 
2.7700e+00 3.6581e+02 
2.7800e+00 3.6568e+02 
2.7900e+00 3.6553e+02 
2.8000e+00 3.6536e+02 
2.8100e+00 3.6516e+02 
2.8200e+00 3.6494e+02 
2.8300e+00 3.6470e+02 
2.8400e+00 3.6444e+02 
2.8500e+00 3.6416e+02 
2.8600e+00 3.6386e+02 
2.8700e+00 3.6355e+02 
2.8800e+00 3.6322e+02 
2.8900e+00 3.6287e+02 
2.9000e+00 3.6251e+02 
2.9100e+00 3.6213e+02 
2.9200e+00 3.6175e+02 
2.9300e+00 3.6135e+02 
2.9400e+00 3.6094e+02 
2.9500e+00 3.6052e+02 
2.9600e+00 3.6010e+02 
2.9700e+00 3.5966e+02 
2.9800e+00 3.5922e+02 
2.9900e+00 3.5878e+02 
3.0000e+00 3.5833e+02 
3.0100e+00 3.5787e+02 
3.0200e+00 3.5741e+02 
3.0300e+00 3.5695e+02 
3.0400e+00 3.5648e+02 
3.0500e+00 3.5601e+02 
3.0600e+00 3.5555e+02 
3.0700e+00 3.5508e+02 
3.0800e+00 3.5461e+02 
3.0900e+00 3.5414e+02 
3.1000e+00 3.5367e+02 
3.1100e+00 3.5321e+02 
3.1200e+00 3.5275e+02 
3.1300e+00 3.5228e+02 
3.1400e+00 3.5183e+02 
3.1500e+00 3.5137e+02 
3.1600e+00 3.5092e+02 
3.1700e+00 3.5048e+02 
3.1800e+00 3.5003e+02 
3.1900e+00 3.4960e+02 
3.2000e+00 3.4916e+02 
3.2100e+00 3.4874e+02 
3.2200e+00 3.4832e+02 
3.2300e+00 3.4790e+02 
3.2400e+00 3.4749e+02 
3.2500e+00 3.4709e+02 
3.2600e+00 3.4669e+02 
3.2700e+00 3.4630e+02 
3.2800e+00 3.4591e+02 
3.2900e+00 3.4554e+02 
3.3000e+00 3.4517e+02 
3.3100e+00 3.4480e+02 
3.3200e+00 3.4444e+02 
3.3300e+00 3.4409e+02 
3.3400e+00 3.4375e+02 
3.3500e+00 3.4341e+02 
3.3600e+00 3.4308e+02 
3.3700e+00 3.4276e+02 
3.3800e+00 3.4245e+02 
3.3900e+00 3.4214e+02 
3.4000e+00 3.4184e+02 
3.4100e+00 3.4154e+02 
3.4200e+00 3.4125e+02 
3.4300e+00 3.4097e+02 
3.4400e+00 3.4070e+02 
3.4500e+00 3.4043e+02 
3.4600e+00 3.4017e+02 
3.4700e+00 3.3992e+02 
3.4800e+00 3.3967e+02 
3.4900e+00 3.3943e+02 
3.5000e+00 3.3919e+02 
1.0000e-02 1.0977e+01 
2.0000e-02 1.8405e+01 
3.0000e-02 3.2868e+01 
4.0000e-02 4.6117e+01 
5.0000e-02 5.6684e+01 
6.0000e-02 6.4816e+01 
7.0000e-02 7.1090e+01 
8.0000e-02 7.6035e+01 
9.0000e-02 8.0053e+01 
1.0000e-01 8.3426e+01 
1.1000e-01 8.6340e+01 
1.2000e-01 8.8918e+01 
1.3000e-01 9.1237e+01 
1.4000e-01 9.3352e+01 
1.5000e-01 9.5299e+01 
1.6000e-01 9.7105e+01 
1.7000e-01 9.8793e+01 
1.8000e-01 1.0038e+02 
1.9000e-01 1.0189e+02 
2.0000e-01 1.0332e+02 
2.1000e-01 1.0471e+02 
2.2000e-01 1.0606e+02 
2.3000e-01 1.0738e+02 
2.4000e-01 1.0870e+02 
2.5000e-01 1.1003e+02 
2.6000e-01 1.1139e+02 
2.7000e-01 1.1280e+02 
2.8000e-01 1.1429e+02 
2.9000e-01 1.1589e+02 
3.0000e-01 1.1763e+02 
3.1000e-01 1.1958e+02 
3.2000e-01 1.2180e+02 
3.3000e-01 1.2438e+02 
3.4000e-01 1.2745e+02 
3.5000e-01 1.3120e+02 
3.6000e-01 1.3589e+02 
3.7000e-01 1.4193e+02 
3.8000e-01 1.4994e+02 
3.9000e-01 1.6091e+02 
4.0000e-01 1.7646e+02 
4.1000e-01 1.9932e+02 
4.2000e-01 2.3413e+02 
4.3000e-01 2.8852e+02 
4.4000e-01 3.7285e+02 
4.5000e-01 4.9041e+02 
4.6000e-01 6.0391e+02 
4.7000e-01 6.2868e+02 
4.8000e-01 5.5221e+02 
4.9000e-01 4.5021e+02 
5.0000e-01 3.6815e+02 
5.1000e-01 3.1081e+02 
5.2000e-01 2.7179e+02 
5.3000e-01 2.4490e+02 
5.4000e-01 2.2596e+02 
5.5000e-01 2.1230e+02 
5.6000e-01 2.0223e+02 
5.7000e-01 1.9469e+02 
5.8000e-01 1.8896e+02 
5.9000e-01 1.8457e+02 
6.0000e-01 1.8118e+02 
6.1000e-01 1.7857e+02 
6.2000e-01 1.7656e+02 
6.3000e-01 1.7502e+02 
6.4000e-01 1.7388e+02 
6.5000e-01 1.7305e+02 
6.6000e-01 1.7248e+02 
6.7000e-01 1.7213e+02 
6.8000e-01 1.7196e+02 
6.9000e-01 1.7196e+02 
7.0000e-01 1.7209e+02 
7.1000e-01 1.7234e+02 
7.2000e-01 1.7270e+02 
7.3000e-01 1.7315e+02 
7.4000e-01 1.7370e+02 
7.5000e-01 1.7431e+02 
7.6000e-01 1.7501e+02 
7.7000e-01 1.7577e+02 
7.8000e-01 1.7659e+02 
7.9000e-01 1.7748e+02 
8.0000e-01 1.7842e+02 
8.1000e-01 1.7942e+02 
8.2000e-01 1.8048e+02 
8.3000e-01 1.8160e+02 
8.4000e-01 1.8277e+02 
8.5000e-01 1.8400e+02 
8.6000e-01 1.8528e+02 
8.7000e-01 1.8663e+02 
8.8000e-01 1.8804e+02 
8.9000e-01 1.8951e+02 
9.0000e-01 1.9105e+02 
9.1000e-01 1.9265e+02 
9.2000e-01 1.9433e+02 
9.3000e-01 1.9609e+02 
9.4000e-01 1.9792e+02 
9.5000e-01 1.9984e+02 
9.6000e-01 2.0185e+02 
9.7000e-01 2.0395e+02 
9.8000e-01 2.0616e+02 
9.9000e-01 2.0847e+02 
1.0000e+00 2.1089e+02 
1.0100e+00 2.1344e+02 
1.0200e+00 2.1611e+02 
1.0300e+00 2.1892e+02 
1.0400e+00 2.2187e+02 
1.0500e+00 2.2497e+02 
1.0600e+00 2.2824e+02 
1.0700e+00 2.3167e+02 
1.0800e+00 2.3528e+02 
1.0900e+00 2.3907e+02 
1.1000e+00 2.4306e+02 
1.1100e+00 2.4725e+02 
1.1200e+00 2.5165e+02 
1.1300e+00 2.5627e+02 
1.1400e+00 2.6110e+02 
1.1500e+00 2.6616e+02 
1.1600e+00 2.7144e+02 
1.1700e+00 2.7694e+02 
1.1800e+00 2.8266e+02 
1.1900e+00 2.8859e+02 
1.2000e+00 2.9472e+02 
1.2100e+00 3.0102e+02 
1.2200e+00 3.0748e+02 
1.2300e+00 3.1407e+02 
1.2400e+00 3.2076e+02 
1.2500e+00 3.2750e+02 
1.2600e+00 3.3426e+02 
1.2700e+00 3.4099e+02 
1.2800e+00 3.4762e+02 
1.2900e+00 3.5411e+02 
1.3000e+00 3.6039e+02 
1.3100e+00 3.6641e+02 
1.3200e+00 3.7211e+02 
1.3300e+00 3.7742e+02 
1.3400e+00 3.8231e+02 
1.3500e+00 3.8673e+02 
1.3600e+00 3.9063e+02 
1.3700e+00 3.9400e+02 
1.3800e+00 3.9682e+02 
1.3900e+00 3.9907e+02 
1.4000e+00 4.0077e+02 
1.4100e+00 4.0192e+02 
1.4200e+00 4.0255e+02 
1.4300e+00 4.0267e+02 
1.4400e+00 4.0234e+02 
1.4500e+00 4.0158e+02 
1.4600e+00 4.0043e+02 
1.4700e+00 3.9895e+02 
1.4800e+00 3.9717e+02 
1.4900e+00 3.9513e+02 
1.5000e+00 3.9288e+02 
1.5100e+00 3.9045e+02 
1.5200e+00 3.8789e+02 
1.5300e+00 3.8522e+02 
1.5400e+00 3.8247e+02 
1.5500e+00 3.7968e+02 
1.5600e+00 3.7687e+02 
1.5700e+00 3.7405e+02 
1.5800e+00 3.7126e+02 
1.5900e+00 3.6849e+02 
1.6000e+00 3.6577e+02 
1.6100e+00 3.6310e+02 
1.6200e+00 3.6050e+02 
1.6300e+00 3.5797e+02 
1.6400e+00 3.5552e+02 
1.6500e+00 3.5316e+02 
1.6600e+00 3.5088e+02 
1.6700e+00 3.4869e+02 
1.6800e+00 3.4658e+02 
1.6900e+00 3.4457e+02 
1.7000e+00 3.4265e+02 
1.7100e+00 3.4083e+02 
1.7200e+00 3.3909e+02 
1.7300e+00 3.3744e+02 
1.7400e+00 3.3588e+02 
1.7500e+00 3.3441e+02 
1.7600e+00 3.3302e+02 
1.7700e+00 3.3172e+02 
1.7800e+00 3.3050e+02 
1.7900e+00 3.2936e+02 
1.8000e+00 3.2830e+02 
1.8100e+00 3.2731e+02 
1.8200e+00 3.2640e+02 
1.8300e+00 3.2557e+02 
1.8400e+00 3.2480e+02 
1.8500e+00 3.2411e+02 
1.8600e+00 3.2348e+02 
1.8700e+00 3.2292e+02 
1.8800e+00 3.2242e+02 
1.8900e+00 3.2199e+02 
1.9000e+00 3.2162e+02 
1.9100e+00 3.2131e+02 
1.9200e+00 3.2106e+02 
1.9300e+00 3.2086e+02 
1.9400e+00 3.2072e+02 
1.9500e+00 3.2064e+02 
1.9600e+00 3.2061e+02 
1.9700e+00 3.2063e+02 
1.9800e+00 3.2071e+02 
1.9900e+00 3.2083e+02 
2.0000e+00 3.2100e+02 
2.0100e+00 3.2122e+02 
2.0200e+00 3.2149e+02 
2.0300e+00 3.2180e+02 
2.0400e+00 3.2215e+02 
2.0500e+00 3.2255e+02 
2.0600e+00 3.2299e+02 
2.0700e+00 3.2347e+02 
2.0800e+00 3.2399e+02 
2.0900e+00 3.2455e+02 
2.1000e+00 3.2515e+02 
2.1100e+00 3.2578e+02 
2.1200e+00 3.2644e+02 
2.1300e+00 3.2714e+02 
2.1400e+00 3.2787e+02 
2.1500e+00 3.2863e+02 
2.1600e+00 3.2942e+02 
2.1700e+00 3.3024e+02 
2.1800e+00 3.3108e+02 
2.1900e+00 3.3195e+02 
2.2000e+00 3.3284e+02 
2.2100e+00 3.3375e+02 
2.2200e+00 3.3468e+02 
2.2300e+00 3.3563e+02 
2.2400e+00 3.3659e+02 
2.2500e+00 3.3757e+02 
2.2600e+00 3.3856e+02 
2.2700e+00 3.3956e+02 
2.2800e+00 3.4057e+02 
2.2900e+00 3.4158e+02 
2.3000e+00 3.4260e+02 
2.3100e+00 3.4362e+02 
2.3200e+00 3.4464e+02 
2.3300e+00 3.4567e+02 
2.3400e+00 3.4668e+02 
2.3500e+00 3.4770e+02 
2.3600e+00 3.4870e+02 
2.3700e+00 3.4970e+02 
2.3800e+00 3.5068e+02 
2.3900e+00 3.5165e+02 
2.4000e+00 3.5260e+02 
2.4100e+00 3.5354e+02 
2.4200e+00 3.5446e+02 
2.4300e+00 3.5536e+02 
2.4400e+00 3.5624e+02 
2.4500e+00 3.5709e+02 
2.4600e+00 3.5791e+02 
2.4700e+00 3.5871e+02 
2.4800e+00 3.5949e+02 
2.4900e+00 3.6023e+02 
2.5000e+00 3.6094e+02 
2.5100e+00 3.6162e+02 
2.5200e+00 3.6227e+02 
2.5300e+00 3.6288e+02 
2.5400e+00 3.6346e+02 
2.5500e+00 3.6401e+02 
2.5600e+00 3.6452e+02 
2.5700e+00 3.6499e+02 
2.5800e+00 3.6543e+02 
2.5900e+00 3.6583e+02 
2.6000e+00 3.6619e+02 
2.6100e+00 3.6652e+02 
2.6200e+00 3.6682e+02 
2.6300e+00 3.6707e+02 
2.6400e+00 3.6729e+02 
2.6500e+00 3.6748e+02 
2.6600e+00 3.6763e+02 
2.6700e+00 3.6775e+02 
2.6800e+00 3.6783e+02 
2.6900e+00 3.6788e+02 
2.7000e+00 3.6790e+02 
2.7100e+00 3.6789e+02 
2.7200e+00 3.6784e+02 
2.7300e+00 3.6777e+02 
2.7400e+00 3.6767e+02 
2.7500e+00 3.6754e+02 
2.7600e+00 3.6739e+02 
2.7700e+00 3.6721e+02 
2.7800e+00 3.6700e+02 
2.7900e+00 3.6677e+02 
2.8000e+00 3.6652e+02 
2.8100e+00 3.6625e+02 
2.8200e+00 3.6596e+02 
2.8300e+00 3.6565e+02 
2.8400e+00 3.6532e+02 
2.8500e+00 3.6497e+02 
2.8600e+00 3.6461e+02 
2.8700e+00 3.6424e+02 
2.8800e+00 3.6385e+02 
2.8900e+00 3.6345e+02 
2.9000e+00 3.6303e+02 
2.9100e+00 3.6261e+02 
2.9200e+00 3.6218e+02 
2.9300e+00 3.6174e+02 
2.9400e+00 3.6129e+02 
2.9500e+00 3.6083e+02 
2.9600e+00 3.6037e+02 
2.9700e+00 3.5991e+02 
2.9800e+00 3.5944e+02 
2.9900e+00 3.5896e+02 
3.0000e+00 3.5849e+02 
3.0100e+00 3.5801e+02 
3.0200e+00 3.5753e+02 
3.0300e+00 3.5705e+02 
3.0400e+00 3.5657e+02 
3.0500e+00 3.5609e+02 
3.0600e+00 3.5562e+02 
3.0700e+00 3.5514e+02 
3.0800e+00 3.5467e+02 
3.0900e+00 3.5420e+02 
3.1000e+00 3.5373e+02 
3.1100e+00 3.5327e+02 
3.1200e+00 3.5281e+02 
3.1300e+00 3.5235e+02 
3.1400e+00 3.5190e+02 
3.1500e+00 3.5146e+02 
3.1600e+00 3.5102e+02 
3.1700e+00 3.5059e+02 
3.1800e+00 3.5016e+02 
3.1900e+00 3.4974e+02 
3.2000e+00 3.4932e+02 
3.2100e+00 3.4891e+02 
3.2200e+00 3.4851e+02 
3.2300e+00 3.4812e+02 
3.2400e+00 3.4773e+02 
3.2500e+00 3.4735e+02 
3.2600e+00 3.4697e+02 
3.2700e+00 3.4661e+02 
3.2800e+00 3.4625e+02 
3.2900e+00 3.4590e+02 
3.3000e+00 3.4556e+02 
3.3100e+00 3.4522e+02 
3.3200e+00 3.4489e+02 
3.3300e+00 3.4457e+02 
3.3400e+00 3.4426e+02 
3.3500e+00 3.4395e+02 
3.3600e+00 3.4365e+02 
3.3700e+00 3.4336e+02 
3.3800e+00 3.4308e+02 
3.3900e+00 3.4280e+02 
3.4000e+00 3.4254e+02 
3.4100e+00 3.4227e+02 
3.4200e+00 3.4202e+02 
3.4300e+00 3.4177e+02 
3.4400e+00 3.4153e+02 
3.4500e+00 3.4130e+02 
3.4600e+00 3.4107e+02 
3.4700e+00 3.4085e+02 
3.4800e+00 3.4064e+02 
3.4900e+00 3.4043e+02 
3.5000e+00 3.4023e+02 
1.0000e-02 1.5431e+01 
2.0000e-02 1.6473e+01 
3.0000e-02 2.7767e+01 
4.0000e-02 4.4734e+01 
5.0000e-02 5.9690e+01 
6.0000e-02 6.9264e+01 
7.0000e-02 7.4846e+01 
8.0000e-02 7.8248e+01 
9.0000e-02 8.0507e+01 
1.0000e-01 8.2346e+01 
1.1000e-01 8.4265e+01 
1.2000e-01 8.6462e+01 
1.3000e-01 8.8942e+01 
1.4000e-01 9.1667e+01 
1.5000e-01 9.4576e+01 
1.6000e-01 9.7536e+01 
1.7000e-01 1.0034e+02 
1.8000e-01 1.0276e+02 
1.9000e-01 1.0465e+02 
2.0000e-01 1.0599e+02 
2.1000e-01 1.0687e+02 
2.2000e-01 1.0744e+02 
2.3000e-01 1.0787e+02 
2.4000e-01 1.0831e+02 
2.5000e-01 1.0888e+02 
2.6000e-01 1.0971e+02 
2.7000e-01 1.1088e+02 
2.8000e-01 1.1245e+02 
2.9000e-01 1.1444e+02 
3.0000e-01 1.1682e+02 
3.1000e-01 1.1956e+02 
3.2000e-01 1.2264e+02 
3.3000e-01 1.2608e+02 
3.4000e-01 1.3000e+02 
3.5000e-01 1.3464e+02 
3.6000e-01 1.4040e+02 
3.7000e-01 1.4800e+02 
3.8000e-01 1.5867e+02 
3.9000e-01 1.7457e+02 
4.0000e-01 1.9949e+02 
4.1000e-01 2.4022e+02 
4.2000e-01 3.0805e+02 
4.3000e-01 4.1651e+02 
4.4000e-01 5.5699e+02 
4.5000e-01 6.4758e+02 
4.6000e-01 6.0546e+02 
4.7000e-01 4.9256e+02 
4.8000e-01 3.9043e+02 
4.9000e-01 3.1831e+02 
5.0000e-01 2.7023e+02 
5.1000e-01 2.3821e+02 
5.2000e-01 2.1662e+02 
5.3000e-01 2.0189e+02 
5.4000e-01 1.9178e+02 
5.5000e-01 1.8485e+02 
5.6000e-01 1.8012e+02 
5.7000e-01 1.7695e+02 
5.8000e-01 1.7486e+02 
5.9000e-01 1.7350e+02 
6.0000e-01 1.7263e+02 
6.1000e-01 1.7206e+02 
6.2000e-01 1.7165e+02 
6.3000e-01 1.7132e+02 
6.4000e-01 1.7100e+02 
6.5000e-01 1.7065e+02 
6.6000e-01 1.7027e+02 
6.7000e-01 1.6986e+02 
6.8000e-01 1.6945e+02 
6.9000e-01 1.6907e+02 
7.0000e-01 1.6876e+02 
7.1000e-01 1.6855e+02 
7.2000e-01 1.6849e+02 
7.3000e-01 1.6860e+02 
7.4000e-01 1.6890e+02 
7.5000e-01 1.6940e+02 
7.6000e-01 1.7011e+02 
7.7000e-01 1.7101e+02 
7.8000e-01 1.7209e+02 
7.9000e-01 1.7333e+02 
8.0000e-01 1.7471e+02 
8.1000e-01 1.7619e+02 
8.2000e-01 1.7774e+02 
8.3000e-01 1.7936e+02 
8.4000e-01 1.8101e+02 
8.5000e-01 1.8268e+02 
8.6000e-01 1.8436e+02 
8.7000e-01 1.8603e+02 
8.8000e-01 1.8769e+02 
8.9000e-01 1.8934e+02 
9.0000e-01 1.9099e+02 
9.1000e-01 1.9265e+02 
9.2000e-01 1.9432e+02 
9.3000e-01 1.9604e+02 
9.4000e-01 1.9781e+02 
9.5000e-01 1.9968e+02 
9.6000e-01 2.0166e+02 
9.7000e-01 2.0378e+02 
9.8000e-01 2.0607e+02 
9.9000e-01 2.0856e+02 
1.0000e+00 2.1125e+02 
1.0100e+00 2.1415e+02 
1.0200e+00 2.1728e+02 
1.0300e+00 2.2062e+02 
1.0400e+00 2.2417e+02 
1.0500e+00 2.2790e+02 
1.0600e+00 2.3181e+02 
1.0700e+00 2.3586e+02 
1.0800e+00 2.4004e+02 
1.0900e+00 2.4435e+02 
1.1000e+00 2.4876e+02 
1.1100e+00 2.5330e+02 
1.1200e+00 2.5796e+02 
1.1300e+00 2.6275e+02 
1.1400e+00 2.6771e+02 
1.1500e+00 2.7286e+02 
1.1600e+00 2.7822e+02 
1.1700e+00 2.8383e+02 
1.1800e+00 2.8970e+02 
1.1900e+00 2.9586e+02 
1.2000e+00 3.0232e+02 
1.2100e+00 3.0907e+02 
1.2200e+00 3.1609e+02 
1.2300e+00 3.2335e+02 
1.2400e+00 3.3080e+02 
1.2500e+00 3.3834e+02 
1.2600e+00 3.4590e+02 
1.2700e+00 3.5335e+02 
1.2800e+00 3.6059e+02 
1.2900e+00 3.6749e+02 
1.3000e+00 3.7394e+02 
1.3100e+00 3.7986e+02 
1.3200e+00 3.8517e+02 
1.3300e+00 3.8983e+02 
1.3400e+00 3.9380e+02 
1.3500e+00 3.9709e+02 
1.3600e+00 3.9972e+02 
1.3700e+00 4.0172e+02 
1.3800e+00 4.0313e+02 
1.3900e+00 4.0400e+02 
1.4000e+00 4.0436e+02 
1.4100e+00 4.0427e+02 
1.4200e+00 4.0376e+02 
1.4300e+00 4.0287e+02 
1.4400e+00 4.0163e+02 
1.4500e+00 4.0007e+02 
1.4600e+00 3.9822e+02 
1.4700e+00 3.9610e+02 
1.4800e+00 3.9373e+02 
1.4900e+00 3.9115e+02 
1.5000e+00 3.8838e+02 
1.5100e+00 3.8546e+02 
1.5200e+00 3.8240e+02 
1.5300e+00 3.7926e+02 
1.5400e+00 3.7606e+02 
1.5500e+00 3.7283e+02 
1.5600e+00 3.6961e+02 
1.5700e+00 3.6643e+02 
1.5800e+00 3.6331e+02 
1.5900e+00 3.6028e+02 
1.6000e+00 3.5736e+02 
1.6100e+00 3.5455e+02 
1.6200e+00 3.5188e+02 
1.6300e+00 3.4935e+02 
1.6400e+00 3.4697e+02 
1.6500e+00 3.4473e+02 
1.6600e+00 3.4264e+02 
1.6700e+00 3.4069e+02 
1.6800e+00 3.3888e+02 
1.6900e+00 3.3720e+02 
1.7000e+00 3.3563e+02 
1.7100e+00 3.3419e+02 
1.7200e+00 3.3284e+02 
1.7300e+00 3.3160e+02 
1.7400e+00 3.3044e+02 
1.7500e+00 3.2936e+02 
1.7600e+00 3.2835e+02 
1.7700e+00 3.2741e+02 
1.7800e+00 3.2654e+02 
1.7900e+00 3.2572e+02 
1.8000e+00 3.2496e+02 
1.8100e+00 3.2425e+02 
1.8200e+00 3.2360e+02 
1.8300e+00 3.2301e+02 
1.8400e+00 3.2246e+02 
1.8500e+00 3.2197e+02 
1.8600e+00 3.2153e+02 
1.8700e+00 3.2114e+02 
1.8800e+00 3.2080e+02 
1.8900e+00 3.2051e+02 
1.9000e+00 3.2026e+02 
1.9100e+00 3.2006e+02 
1.9200e+00 3.1990e+02 
1.9300e+00 3.1978e+02 
1.9400e+00 3.1969e+02 
1.9500e+00 3.1964e+02 
1.9600e+00 3.1962e+02 
1.9700e+00 3.1964e+02 
1.9800e+00 3.1969e+02 
1.9900e+00 3.1978e+02 
2.0000e+00 3.1991e+02 
2.0100e+00 3.2009e+02 
2.0200e+00 3.2030e+02 
2.0300e+00 3.2057e+02 
2.0400e+00 3.2089e+02 
2.0500e+00 3.2126e+02 
2.0600e+00 3.2170e+02 
2.0700e+00 3.2220e+02 
2.0800e+00 3.2276e+02 
2.0900e+00 3.2340e+02 
2.1000e+00 3.2410e+02 
2.1100e+00 3.2487e+02 
2.1200e+00 3.2572e+02 
2.1300e+00 3.2663e+02 
2.1400e+00 3.2761e+02 
2.1500e+00 3.2865e+02 
2.1600e+00 3.2975e+02 
2.1700e+00 3.3090e+02 
2.1800e+00 3.3210e+02 
2.1900e+00 3.3333e+02 
2.2000e+00 3.3461e+02 
2.2100e+00 3.3590e+02 
2.2200e+00 3.3721e+02 
2.2300e+00 3.3853e+02 
2.2400e+00 3.3984e+02 
2.2500e+00 3.4114e+02 
2.2600e+00 3.4243e+02 
2.2700e+00 3.4368e+02 
2.2800e+00 3.4491e+02 
2.2900e+00 3.4609e+02 
2.3000e+00 3.4723e+02 
2.3100e+00 3.4833e+02 
2.3200e+00 3.4937e+02 
2.3300e+00 3.5037e+02 
2.3400e+00 3.5132e+02 
2.3500e+00 3.5223e+02 
2.3600e+00 3.5309e+02 
2.3700e+00 3.5391e+02 
2.3800e+00 3.5470e+02 
2.3900e+00 3.5546e+02 
2.4000e+00 3.5619e+02 
2.4100e+00 3.5690e+02 
2.4200e+00 3.5760e+02 
2.4300e+00 3.5829e+02 
2.4400e+00 3.5897e+02 
2.4500e+00 3.5965e+02 
2.4600e+00 3.6032e+02 
2.4700e+00 3.6100e+02 
2.4800e+00 3.6168e+02 
2.4900e+00 3.6236e+02 
2.5000e+00 3.6304e+02 
2.5100e+00 3.6371e+02 
2.5200e+00 3.6438e+02 
2.5300e+00 3.6504e+02 
2.5400e+00 3.6568e+02 
2.5500e+00 3.6629e+02 
2.5600e+00 3.6688e+02 
2.5700e+00 3.6743e+02 
2.5800e+00 3.6794e+02 
2.5900e+00 3.6841e+02 
2.6000e+00 3.6882e+02 
2.6100e+00 3.6917e+02 
2.6200e+00 3.6947e+02 
2.6300e+00 3.6970e+02 
2.6400e+00 3.6987e+02 
2.6500e+00 3.6998e+02 
2.6600e+00 3.7002e+02 
2.6700e+00 3.7001e+02 
2.6800e+00 3.6994e+02 
2.6900e+00 3.6982e+02 
2.7000e+00 3.6965e+02 
2.7100e+00 3.6944e+02 
2.7200e+00 3.6919e+02 
2.7300e+00 3.6891e+02 
2.7400e+00 3.6860e+02 
2.7500e+00 3.6828e+02 
2.7600e+00 3.6794e+02 
2.7700e+00 3.6758e+02 
2.7800e+00 3.6722e+02 
2.7900e+00 3.6686e+02 
2.8000e+00 3.6650e+02 
2.8100e+00 3.6614e+02 
2.8200e+00 3.6578e+02 
2.8300e+00 3.6544e+02 
2.8400e+00 3.6509e+02 
2.8500e+00 3.6476e+02 
2.8600e+00 3.6444e+02 
2.8700e+00 3.6412e+02 
2.8800e+00 3.6380e+02 
2.8900e+00 3.6350e+02 
2.9000e+00 3.6319e+02 
2.9100e+00 3.6289e+02 
2.9200e+00 3.6258e+02 
2.9300e+00 3.6227e+02 
2.9400e+00 3.6195e+02 
2.9500e+00 3.6162e+02 
2.9600e+00 3.6128e+02 
2.9700e+00 3.6092e+02 
2.9800e+00 3.6054e+02 
2.9900e+00 3.6015e+02 
3.0000e+00 3.5973e+02 
3.0100e+00 3.5929e+02 
3.0200e+00 3.5882e+02 
3.0300e+00 3.5833e+02 
3.0400e+00 3.5781e+02 
3.0500e+00 3.5727e+02 
3.0600e+00 3.5671e+02 
3.0700e+00 3.5612e+02 
3.0800e+00 3.5552e+02 
3.0900e+00 3.5490e+02 
3.1000e+00 3.5427e+02 
3.1100e+00 3.5363e+02 
3.1200e+00 3.5299e+02 
3.1300e+00 3.5234e+02 
3.1400e+00 3.5170e+02 
3.1500e+00 3.5106e+02 
3.1600e+00 3.5044e+02 
3.1700e+00 3.4983e+02 
3.1800e+00 3.4923e+02 
3.1900e+00 3.4866e+02 
3.2000e+00 3.4811e+02 
3.2100e+00 3.4758e+02 
3.2200e+00 3.4709e+02 
3.2300e+00 3.4662e+02 
3.2400e+00 3.4619e+02 
3.2500e+00 3.4578e+02 
3.2600e+00 3.4541e+02 
3.2700e+00 3.4508e+02 
3.2800e+00 3.4478e+02 
3.2900e+00 3.4451e+02 
3.3000e+00 3.4427e+02 
3.3100e+00 3.4406e+02 
3.3200e+00 3.4389e+02 
3.3300e+00 3.4374e+02 
3.3400e+00 3.4361e+02 
3.3500e+00 3.4351e+02 
3.3600e+00 3.4343e+02 
3.3700e+00 3.4336e+02 
3.3800e+00 3.4331e+02 
3.3900e+00 3.4327e+02 
3.4000e+00 3.4323e+02 
3.4100e+00 3.4320e+02 
3.4200e+00 3.4317e+02 
3.4300e+00 3.4314e+02 
3.4400e+00 3.4310e+02 
3.4500e+00 3.4305e+02 
3.4600e+00 3.4299e+02 
3.4700e+00 3.4292e+02 
3.4800e+00 3.4283e+02 
3.4900e+00 3.4272e+02 
3.5000e+00 3.4260e+02 
1.0000e-02 1.7186e+01 
2.0000e-02 2.0271e+01 
3.0000e-02 3.3718e+01 
4.0000e-02 4.6779e+01 
5.0000e-02 5.7310e+01 
6.0000e-02 6.5391e+01 
7.0000e-02 7.1575e+01 
8.0000e-02 7.6407e+01 
9.0000e-02 8.0308e+01 
1.0000e-01 8.3570e+01 
1.1000e-01 8.6386e+01 
1.2000e-01 8.8881e+01 
1.3000e-01 9.1131e+01 
1.4000e-01 9.3188e+01 
1.5000e-01 9.5086e+01 
1.6000e-01 9.6852e+01 
1.7000e-01 9.8505e+01 
1.8000e-01 1.0007e+02 
1.9000e-01 1.0155e+02 
2.0000e-01 1.0297e+02 
2.1000e-01 1.0434e+02 
2.2000e-01 1.0569e+02 
2.3000e-01 1.0702e+02 
2.4000e-01 1.0836e+02 
2.5000e-01 1.0973e+02 
2.6000e-01 1.1116e+02 
2.7000e-01 1.1267e+02 
2.8000e-01 1.1431e+02 
2.9000e-01 1.1613e+02 
3.0000e-01 1.1821e+02 
3.1000e-01 1.2063e+02 
3.2000e-01 1.2353e+02 
3.3000e-01 1.2713e+02 
3.4000e-01 1.3174e+02 
3.5000e-01 1.3783e+02 
3.6000e-01 1.4620e+02 
3.7000e-01 1.5820e+02 
3.8000e-01 1.7625e+02 
3.9000e-01 2.0477e+02 
4.0000e-01 2.5222e+02 
4.1000e-01 3.3375e+02 
4.2000e-01 4.6685e+02 
4.3000e-01 6.2150e+02 
4.4000e-01 6.5531e+02 
4.5000e-01 5.3990e+02 
4.6000e-01 4.1254e+02 
4.7000e-01 3.2554e+02 
4.8000e-01 2.7127e+02 
4.9000e-01 2.3700e+02 
5.0000e-01 2.1457e+02 
5.1000e-01 1.9934e+02 
5.2000e-01 1.8867e+02 
5.3000e-01 1.8101e+02 
5.4000e-01 1.7539e+02 
5.5000e-01 1.7123e+02 
5.6000e-01 1.6812e+02 
5.7000e-01 1.6580e+02 
5.8000e-01 1.6407e+02 
5.9000e-01 1.6281e+02 
6.0000e-01 1.6192e+02 
6.1000e-01 1.6132e+02 
6.2000e-01 1.6097e+02 
6.3000e-01 1.6082e+02 
6.4000e-01 1.6083e+02 
6.5000e-01 1.6099e+02 
6.6000e-01 1.6127e+02 
6.7000e-01 1.6166e+02 
6.8000e-01 1.6215e+02 
6.9000e-01 1.6272e+02 
7.0000e-01 1.6336e+02 
7.1000e-01 1.6408e+02 
7.2000e-01 1.6486e+02 
7.3000e-01 1.6570e+02 
7.4000e-01 1.6660e+02 
7.5000e-01 1.6755e+02 
7.6000e-01 1.6856e+02 
7.7000e-01 1.6962e+02 
7.8000e-01 1.7073e+02 
7.9000e-01 1.7189e+02 
8.0000e-01 1.7310e+02 
8.1000e-01 1.7437e+02 
8.2000e-01 1.7569e+02 
8.3000e-01 1.7706e+02 
8.4000e-01 1.7850e+02 
8.5000e-01 1.7999e+02 
8.6000e-01 1.8154e+02 
8.7000e-01 1.8316e+02 
8.8000e-01 1.8486e+02 
8.9000e-01 1.8662e+02 
9.0000e-01 1.8846e+02 
9.1000e-01 1.9039e+02 
9.2000e-01 1.9240e+02 
9.3000e-01 1.9450e+02 
9.4000e-01 1.9671e+02 
9.5000e-01 1.9902e+02 
9.6000e-01 2.0145e+02 
9.7000e-01 2.0400e+02 
9.8000e-01 2.0668e+02 
9.9000e-01 2.0949e+02 
1.0000e+00 2.1246e+02 
1.0100e+00 2.1558e+02 
1.0200e+00 2.1887e+02 
1.0300e+00 2.2234e+02 
1.0400e+00 2.2600e+02 
1.0500e+00 2.2985e+02 
1.0600e+00 2.3392e+02 
1.0700e+00 2.3821e+02 
1.0800e+00 2.4273e+02 
1.0900e+00 2.4749e+02 
1.1000e+00 2.5250e+02 
1.1100e+00 2.5777e+02 
1.1200e+00 2.6330e+02 
1.1300e+00 2.6909e+02 
1.1400e+00 2.7514e+02 
1.1500e+00 2.8145e+02 
1.1600e+00 2.8801e+02 
1.1700e+00 2.9479e+02 
1.1800e+00 3.0179e+02 
1.1900e+00 3.0897e+02 
1.2000e+00 3.1629e+02 
1.2100e+00 3.2371e+02 
1.2200e+00 3.3118e+02 
1.2300e+00 3.3865e+02 
1.2400e+00 3.4604e+02 
1.2500e+00 3.5328e+02 
1.2600e+00 3.6031e+02 
1.2700e+00 3.6704e+02 
1.2800e+00 3.7341e+02 
1.2900e+00 3.7932e+02 
1.3000e+00 3.8473e+02 
1.3100e+00 3.8958e+02 
1.3200e+00 3.9381e+02 
1.3300e+00 3.9739e+02 
1.3400e+00 4.0031e+02 
1.3500e+00 4.0255e+02 
1.3600e+00 4.0412e+02 
1.3700e+00 4.0505e+02 
1.3800e+00 4.0535e+02 
1.3900e+00 4.0509e+02 
1.4000e+00 4.0429e+02 
1.4100e+00 4.0302e+02 
1.4200e+00 4.0132e+02 
1.4300e+00 3.9926e+02 
1.4400e+00 3.9690e+02 
1.4500e+00 3.9427e+02 
1.4600e+00 3.9145e+02 
1.4700e+00 3.8846e+02 
1.4800e+00 3.8536e+02 
1.4900e+00 3.8218e+02 
1.5000e+00 3.7896e+02 
1.5100e+00 3.7573e+02 
1.5200e+00 3.7251e+02 
1.5300e+00 3.6932e+02 
1.5400e+00 3.6619e+02 
1.5500e+00 3.6312e+02 
1.5600e+00 3.6013e+02 
1.5700e+00 3.5723e+02 
1.5800e+00 3.5443e+02 
1.5900e+00 3.5172e+02 
1.6000e+00 3.4913e+02 
1.6100e+00 3.4664e+02 
1.6200e+00 3.4426e+02 
1.6300e+00 3.4199e+02 
1.6400e+00 3.3983e+02 
1.6500e+00 3.3779e+02 
1.6600e+00 3.3585e+02 
1.6700e+00 3.3401e+02 
1.6800e+00 3.3228e+02 
1.6900e+00 3.3066e+02 
1.7000e+00 3.2913e+02 
1.7100e+00 3.2770e+02 
1.7200e+00 3.2637e+02 
1.7300e+00 3.2513e+02 
1.7400e+00 3.2398e+02 
1.7500e+00 3.2292e+02 
1.7600e+00 3.2195e+02 
1.7700e+00 3.2105e+02 
1.7800e+00 3.2024e+02 
1.7900e+00 3.1951e+02 
1.8000e+00 3.1885e+02 
1.8100e+00 3.1827e+02 
1.8200e+00 3.1776e+02 
1.8300e+00 3.1732e+02 
1.8400e+00 3.1695e+02 
1.8500e+00 3.1665e+02 
1.8600e+00 3.1641e+02 
1.8700e+00 3.1624e+02 
1.8800e+00 3.1612e+02 
1.8900e+00 3.1607e+02 
1.9000e+00 3.1608e+02 
1.9100e+00 3.1614e+02 
1.9200e+00 3.1626e+02 
1.9300e+00 3.1644e+02 
1.9400e+00 3.1667e+02 
1.9500e+00 3.1695e+02 
1.9600e+00 3.1728e+02 
1.9700e+00 3.1766e+02 
1.9800e+00 3.1809e+02 
1.9900e+00 3.1857e+02 
2.0000e+00 3.1909e+02 
2.0100e+00 3.1966e+02 
2.0200e+00 3.2028e+02 
2.0300e+00 3.2093e+02 
2.0400e+00 3.2163e+02 
2.0500e+00 3.2236e+02 
2.0600e+00 3.2314e+02 
2.0700e+00 3.2395e+02 
2.0800e+00 3.2480e+02 
2.0900e+00 3.2568e+02 
2.1000e+00 3.2659e+02 
2.1100e+00 3.2754e+02 
2.1200e+00 3.2851e+02 
2.1300e+00 3.2951e+02 
2.1400e+00 3.3054e+02 
2.1500e+00 3.3160e+02 
2.1600e+00 3.3267e+02 
2.1700e+00 3.3377e+02 
2.1800e+00 3.3488e+02 
2.1900e+00 3.3601e+02 
2.2000e+00 3.3716e+02 
2.2100e+00 3.3832e+02 
2.2200e+00 3.3948e+02 
2.2300e+00 3.4066e+02 
2.2400e+00 3.4184e+02 
2.2500e+00 3.4303e+02 
2.2600e+00 3.4422e+02 
2.2700e+00 3.4540e+02 
2.2800e+00 3.4658e+02 
2.2900e+00 3.4776e+02 
2.3000e+00 3.4893e+02 
2.3100e+00 3.5009e+02 
2.3200e+00 3.5123e+02 
2.3300e+00 3.5236e+02 
2.3400e+00 3.5348e+02 
2.3500e+00 3.5457e+02 
2.3600e+00 3.5564e+02 
2.3700e+00 3.5669e+02 
2.3800e+00 3.5771e+02 
2.3900e+00 3.5871e+02 
2.4000e+00 3.5968e+02 
2.4100e+00 3.6061e+02 
2.4200e+00 3.6151e+02 
2.4300e+00 3.6238e+02 
2.4400e+00 3.6321e+02 
2.4500e+00 3.6401e+02 
2.4600e+00 3.6476e+02 
2.4700e+00 3.6548e+02 
2.4800e+00 3.6616e+02 
2.4900e+00 3.6680e+02 
2.5000e+00 3.6740e+02 
2.5100e+00 3.6795e+02 
2.5200e+00 3.6846e+02 
2.5300e+00 3.6893e+02 
2.5400e+00 3.6936e+02 
2.5500e+00 3.6975e+02 
2.5600e+00 3.7009e+02 
2.5700e+00 3.7039e+02 
2.5800e+00 3.7066e+02 
2.5900e+00 3.7088e+02 
2.6000e+00 3.7106e+02 
2.6100e+00 3.7120e+02 
2.6200e+00 3.7130e+02 
2.6300e+00 3.7136e+02 
2.6400e+00 3.7139e+02 
2.6500e+00 3.7138e+02 
2.6600e+00 3.7134e+02 
2.6700e+00 3.7127e+02 
2.6800e+00 3.7116e+02 
2.6900e+00 3.7102e+02 
2.7000e+00 3.7085e+02 
2.7100e+00 3.7065e+02 
2.7200e+00 3.7043e+02 
2.7300e+00 3.7018e+02 
2.7400e+00 3.6991e+02 
2.7500e+00 3.6961e+02 
2.7600e+00 3.6929e+02 
2.7700e+00 3.6895e+02 
2.7800e+00 3.6859e+02 
2.7900e+00 3.6822e+02 
2.8000e+00 3.6783e+02 
2.8100e+00 3.6742e+02 
2.8200e+00 3.6700e+02 
2.8300e+00 3.6656e+02 
2.8400e+00 3.6612e+02 
2.8500e+00 3.6566e+02 
2.8600e+00 3.6520e+02 
2.8700e+00 3.6472e+02 
2.8800e+00 3.6424e+02 
2.8900e+00 3.6376e+02 
2.9000e+00 3.6326e+02 
2.9100e+00 3.6277e+02 
2.9200e+00 3.6227e+02 
2.9300e+00 3.6177e+02 
2.9400e+00 3.6127e+02 
2.9500e+00 3.6076e+02 
2.9600e+00 3.6026e+02 
2.9700e+00 3.5976e+02 
2.9800e+00 3.5926e+02 
2.9900e+00 3.5876e+02 
3.0000e+00 3.5826e+02 
3.0100e+00 3.5777e+02 
3.0200e+00 3.5728e+02 
3.0300e+00 3.5680e+02 
3.0400e+00 3.5632e+02 
3.0500e+00 3.5584e+02 
3.0600e+00 3.5537e+02 
3.0700e+00 3.5491e+02 
3.0800e+00 3.5445e+02 
3.0900e+00 3.5400e+02 
3.1000e+00 3.5356e+02 
3.1100e+00 3.5312e+02 
3.1200e+00 3.5270e+02 
3.1300e+00 3.5228e+02 
3.1400e+00 3.5186e+02 
3.1500e+00 3.5146e+02 
3.1600e+00 3.5106e+02 
3.1700e+00 3.5068e+02 
3.1800e+00 3.5030e+02 
3.1900e+00 3.4993e+02 
3.2000e+00 3.4956e+02 
3.2100e+00 3.4921e+02 
3.2200e+00 3.4887e+02 
3.2300e+00 3.4853e+02 
3.2400e+00 3.4821e+02 
3.2500e+00 3.4789e+02 
3.2600e+00 3.4758e+02 
3.2700e+00 3.4728e+02 
3.2800e+00 3.4699e+02 
3.2900e+00 3.4670e+02 
3.3000e+00 3.4643e+02 
3.3100e+00 3.4617e+02 
3.3200e+00 3.4591e+02 
3.3300e+00 3.4566e+02 
3.3400e+00 3.4542e+02 
3.3500e+00 3.4519e+02 
3.3600e+00 3.4496e+02 
3.3700e+00 3.4474e+02 
3.3800e+00 3.4453e+02 
3.3900e+00 3.4433e+02 
3.4000e+00 3.4414e+02 
3.4100e+00 3.4395e+02 
3.4200e+00 3.4377e+02 
3.4300e+00 3.4359e+02 
3.4400e+00 3.4343e+02 
3.4500e+00 3.4327e+02 
3.4600e+00 3.4311e+02 
3.4700e+00 3.4296e+02 
3.4800e+00 3.4282e+02 
3.4900e+00 3.4268e+02 
3.5000e+00 3.4255e+02 
1.0000e-02 2.1346e+01 
2.0000e-02 2.1791e+01 
3.0000e-02 3.4580e+01 
4.0000e-02 4.7480e+01 
5.0000e-02 5.7951e+01 
6.0000e-02 6.5971e+01 
7.0000e-02 7.2080e+01 
8.0000e-02 7.6829e+01 
9.0000e-02 8.0649e+01 
1.0000e-01 8.3836e+01 
1.1000e-01 8.6588e+01 
1.2000e-01 8.9028e+01 
1.3000e-01 9.1232e+01 
1.4000e-01 9.3251e+01 
1.5000e-01 9.5118e+01 
1.6000e-01 9.6857e+01 
1.7000e-01 9.8488e+01 
1.8000e-01 1.0003e+02 
1.9000e-01 1.0150e+02 
2.0000e-01 1.0290e+02 
2.1000e-01 1.0427e+02 
2.2000e-01 1.0562e+02 
2.3000e-01 1.0696e+02 
2.4000e-01 1.0831e+02 
2.5000e-01 1.0971e+02 
2.6000e-01 1.1119e+02 
2.7000e-01 1.1278e+02 
2.8000e-01 1.1454e+02 
2.9000e-01 1.1654e+02 
3.0000e-01 1.1888e+02 
3.1000e-01 1.2170e+02 
3.2000e-01 1.2521e+02 
3.3000e-01 1.2975e+02 
3.4000e-01 1.3586e+02 
3.5000e-01 1.4444e+02 
3.6000e-01 1.5707e+02 
3.7000e-01 1.7674e+02 
3.8000e-01 2.0928e+02 
3.9000e-01 2.6656e+02 
4.0000e-01 3.7071e+02 
4.1000e-01 5.3974e+02 
4.2000e-01 6.7912e+02 
4.3000e-01 6.0991e+02 
4.4000e-01 4.5363e+02 
4.5000e-01 3.4118e+02 
4.6000e-01 2.7435e+02 
4.7000e-01 2.3447e+02 
4.8000e-01 2.0958e+02 
4.9000e-01 1.9331e+02 
5.0000e-01 1.8225e+02 
5.1000e-01 1.7450e+02 
5.2000e-01 1.6894e+02 
5.3000e-01 1.6490e+02 
5.4000e-01 1.6193e+02 
5.5000e-01 1.5975e+02 
5.6000e-01 1.5817e+02 
5.7000e-01 1.5704e+02 
5.8000e-01 1.5627e+02 
5.9000e-01 1.5579e+02 
6.0000e-01 1.5553e+02 
6.1000e-01 1.5547e+02 
6.2000e-01 1.5557e+02 
6.3000e-01 1.5580e+02 
6.4000e-01 1.5614e+02 
6.5000e-01 1.5659e+02 
6.6000e-01 1.5713e+02 
6.7000e-01 1.5775e+02 
6.8000e-01 1.5843e+02 
6.9000e-01 1.5919e+02 
7.0000e-01 1.6000e+02 
7.1000e-01 1.6088e+02 
7.2000e-01 1.6180e+02 
7.3000e-01 1.6278e+02 
7.4000e-01 1.6381e+02 
7.5000e-01 1.6488e+02 
7.6000e-01 1.6601e+02 
7.7000e-01 1.6718e+02 
7.8000e-01 1.6841e+02 
7.9000e-01 1.6968e+02 
8.0000e-01 1.7101e+02 
8.1000e-01 1.7239e+02 
8.2000e-01 1.7383e+02 
8.3000e-01 1.7532e+02 
8.4000e-01 1.7688e+02 
8.5000e-01 1.7850e+02 
8.6000e-01 1.8018e+02 
8.7000e-01 1.8194e+02 
8.8000e-01 1.8378e+02 
8.9000e-01 1.8569e+02 
9.0000e-01 1.8770e+02 
9.1000e-01 1.8979e+02 
9.2000e-01 1.9199e+02 
9.3000e-01 1.9429e+02 
9.4000e-01 1.9670e+02 
9.5000e-01 1.9924e+02 
9.6000e-01 2.0191e+02 
9.7000e-01 2.0471e+02 
9.8000e-01 2.0767e+02 
9.9000e-01 2.1078e+02 
1.0000e+00 2.1407e+02 
1.0100e+00 2.1754e+02 
1.0200e+00 2.2120e+02 
1.0300e+00 2.2507e+02 
1.0400e+00 2.2915e+02 
1.0500e+00 2.3347e+02 
1.0600e+00 2.3803e+02 
1.0700e+00 2.4284e+02 
1.0800e+00 2.4791e+02 
1.0900e+00 2.5326e+02 
1.1000e+00 2.5889e+02 
1.1100e+00 2.6480e+02 
1.1200e+00 2.7100e+02 
1.1300e+00 2.7748e+02 
1.1400e+00 2.8424e+02 
1.1500e+00 2.9126e+02 
1.1600e+00 2.9851e+02 
1.1700e+00 3.0598e+02 
1.1800e+00 3.1362e+02 
1.1900e+00 3.2140e+02 
1.2000e+00 3.2924e+02 
1.2100e+00 3.3710e+02 
1.2200e+00 3.4490e+02 
1.2300e+00 3.5256e+02 
1.2400e+00 3.6000e+02 
1.2500e+00 3.6713e+02 
1.2600e+00 3.7387e+02 
1.2700e+00 3.8013e+02 
1.2800e+00 3.8584e+02 
1.2900e+00 3.9093e+02 
1.3000e+00 3.9535e+02 
1.3100e+00 3.9905e+02 
1.3200e+00 4.0202e+02 
1.3300e+00 4.0425e+02 
1.3400e+00 4.0575e+02 
1.3500e+00 4.0655e+02 
1.3600e+00 4.0667e+02 
1.3700e+00 4.0618e+02 
1.3800e+00 4.0512e+02 
1.3900e+00 4.0356e+02 
1.4000e+00 4.0155e+02 
1.4100e+00 3.9917e+02 
1.4200e+00 3.9648e+02 
1.4300e+00 3.9354e+02 
1.4400e+00 3.9040e+02 
1.4500e+00 3.8711e+02 
1.4600e+00 3.8372e+02 
1.4700e+00 3.8028e+02 
1.4800e+00 3.7681e+02 
1.4900e+00 3.7335e+02 
1.5000e+00 3.6992e+02 
1.5100e+00 3.6655e+02 
1.5200e+00 3.6325e+02 
1.5300e+00 3.6003e+02 
1.5400e+00 3.5692e+02 
1.5500e+00 3.5391e+02 
1.5600e+00 3.5101e+02 
1.5700e+00 3.4823e+02 
1.5800e+00 3.4557e+02 
1.5900e+00 3.4303e+02 
1.6000e+00 3.4061e+02 
1.6100e+00 3.3831e+02 
1.6200e+00 3.3613e+02 
1.6300e+00 3.3408e+02 
1.6400e+00 3.3213e+02 
1.6500e+00 3.3031e+02 
1.6600e+00 3.2859e+02 
1.6700e+00 3.2698e+02 
1.6800e+00 3.2548e+02 
1.6900e+00 3.2409e+02 
1.7000e+00 3.2279e+02 
1.7100e+00 3.2159e+02 
1.7200e+00 3.2048e+02 
1.7300e+00 3.1947e+02 
1.7400e+00 3.1854e+02 
1.7500e+00 3.1770e+02 
1.7600e+00 3.1695e+02 
1.7700e+00 3.1627e+02 
1.7800e+00 3.1567e+02 
1.7900e+00 3.1515e+02 
1.8000e+00 3.1471e+02 
1.8100e+00 3.1434e+02 
1.8200e+00 3.1403e+02 
1.8300e+00 3.1380e+02 
1.8400e+00 3.1363e+02 
1.8500e+00 3.1353e+02 
1.8600e+00 3.1349e+02 
1.8700e+00 3.1351e+02 
1.8800e+00 3.1359e+02 
1.8900e+00 3.1374e+02 
1.9000e+00 3.1394e+02 
1.9100e+00 3.1419e+02 
1.9200e+00 3.1450e+02 
1.9300e+00 3.1486e+02 
1.9400e+00 3.1528e+02 
1.9500e+00 3.1575e+02 
1.9600e+00 3.1626e+02 
1.9700e+00 3.1683e+02 
1.9800e+00 3.1744e+02 
1.9900e+00 3.1810e+02 
2.0000e+00 3.1880e+02 
2.0100e+00 3.1955e+02 
2.0200e+00 3.2034e+02 
2.0300e+00 3.2117e+02 
2.0400e+00 3.2203e+02 
2.0500e+00 3.2294e+02 
2.0600e+00 3.2388e+02 
2.0700e+00 3.2486e+02 
2.0800e+00 3.2587e+02 
2.0900e+00 3.2691e+02 
2.1000e+00 3.2798e+02 
2.1100e+00 3.2908e+02 
2.1200e+00 3.3021e+02 
2.1300e+00 3.3136e+02 
2.1400e+00 3.3253e+02 
2.1500e+00 3.3372e+02 
2.1600e+00 3.3493e+02 
2.1700e+00 3.3616e+02 
2.1800e+00 3.3740e+02 
2.1900e+00 3.3865e+02 
2.2000e+00 3.3991e+02 
2.2100e+00 3.4118e+02 
2.2200e+00 3.4245e+02 
2.2300e+00 3.4373e+02 
2.2400e+00 3.4500e+02 
2.2500e+00 3.4627e+02 
2.2600e+00 3.4754e+02 
2.2700e+00 3.4879e+02 
2.2800e+00 3.5004e+02 
2.2900e+00 3.5127e+02 
2.3000e+00 3.5249e+02 
2.3100e+00 3.5369e+02 
2.3200e+00 3.5486e+02 
2.3300e+00 3.5602e+02 
2.3400e+00 3.5715e+02 
2.3500e+00 3.5825e+02 
2.3600e+00 3.5932e+02 
2.3700e+00 3.6037e+02 
2.3800e+00 3.6137e+02 
2.3900e+00 3.6235e+02 
2.4000e+00 3.6328e+02 
2.4100e+00 3.6418e+02 
2.4200e+00 3.6504e+02 
2.4300e+00 3.6586e+02 
2.4400e+00 3.6663e+02 
2.4500e+00 3.6736e+02 
2.4600e+00 3.6805e+02 
2.4700e+00 3.6870e+02 
2.4800e+00 3.6930e+02 
2.4900e+00 3.6985e+02 
2.5000e+00 3.7036e+02 
2.5100e+00 3.7082e+02 
2.5200e+00 3.7124e+02 
2.5300e+00 3.7161e+02 
2.5400e+00 3.7194e+02 
2.5500e+00 3.7222e+02 
2.5600e+00 3.7246e+02 
2.5700e+00 3.7265e+02 
2.5800e+00 3.7281e+02 
2.5900e+00 3.7292e+02 
2.6000e+00 3.7299e+02 
2.6100e+00 3.7302e+02 
2.6200e+00 3.7302e+02 
2.6300e+00 3.7297e+02 
2.6400e+00 3.7290e+02 
2.6500e+00 3.7278e+02 
2.6600e+00 3.7264e+02 
2.6700e+00 3.7246e+02 
2.6800e+00 3.7226e+02 
2.6900e+00 3.7202e+02 
2.7000e+00 3.7176e+02 
2.7100e+00 3.7147e+02 
2.7200e+00 3.7116e+02 
2.7300e+00 3.7083e+02 
2.7400e+00 3.7047e+02 
2.7500e+00 3.7010e+02 
2.7600e+00 3.6970e+02 
2.7700e+00 3.6929e+02 
2.7800e+00 3.6887e+02 
2.7900e+00 3.6843e+02 
2.8000e+00 3.6798e+02 
2.8100e+00 3.6751e+02 
2.8200e+00 3.6704e+02 
2.8300e+00 3.6656e+02 
2.8400e+00 3.6607e+02 
2.8500e+00 3.6557e+02 
2.8600e+00 3.6507e+02 
2.8700e+00 3.6456e+02 
2.8800e+00 3.6405e+02 
2.8900e+00 3.6353e+02 
2.9000e+00 3.6302e+02 
2.9100e+00 3.6250e+02 
2.9200e+00 3.6198e+02 
2.9300e+00 3.6147e+02 
2.9400e+00 3.6095e+02 
2.9500e+00 3.6044e+02 
2.9600e+00 3.5993e+02 
2.9700e+00 3.5942e+02 
2.9800e+00 3.5892e+02 
2.9900e+00 3.5842e+02 
3.0000e+00 3.5793e+02 
3.0100e+00 3.5745e+02 
3.0200e+00 3.5697e+02 
3.0300e+00 3.5649e+02 
3.0400e+00 3.5603e+02 
3.0500e+00 3.5557e+02 
3.0600e+00 3.5511e+02 
3.0700e+00 3.5467e+02 
3.0800e+00 3.5424e+02 
3.0900e+00 3.5381e+02 
3.1000e+00 3.5339e+02 
3.1100e+00 3.5298e+02 
3.1200e+00 3.5258e+02 
3.1300e+00 3.5219e+02 
3.1400e+00 3.5180e+02 
3.1500e+00 3.5143e+02 
3.1600e+00 3.5107e+02 
3.1700e+00 3.5071e+02 
3.1800e+00 3.5037e+02 
3.1900e+00 3.5003e+02 
3.2000e+00 3.4970e+02 
3.2100e+00 3.4939e+02 
3.2200e+00 3.4908e+02 
3.2300e+00 3.4878e+02 
3.2400e+00 3.4849e+02 
3.2500e+00 3.4822e+02 
3.2600e+00 3.4795e+02 
3.2700e+00 3.4769e+02 
3.2800e+00 3.4743e+02 
3.2900e+00 3.4719e+02 
3.3000e+00 3.4696e+02 
3.3100e+00 3.4673e+02 
3.3200e+00 3.4652e+02 
3.3300e+00 3.4631e+02 
3.3400e+00 3.4611e+02 
3.3500e+00 3.4592e+02 
3.3600e+00 3.4573e+02 
3.3700e+00 3.4555e+02 
3.3800e+00 3.4538e+02 
3.3900e+00 3.4522e+02 
3.4000e+00 3.4507e+02 
3.4100e+00 3.4492e+02 
3.4200e+00 3.4478e+02 
3.4300e+00 3.4464e+02 
3.4400e+00 3.4451e+02 
3.4500e+00 3.4439e+02 
3.4600e+00 3.4427e+02 
3.4700e+00 3.4416e+02 
3.4800e+00 3.4405e+02 
3.4900e+00 3.4395e+02 
3.5000e+00 3.4385e+02 
1.0000e-02 2.6297e+01 
2.0000e-02 2.3744e+01 
3.0000e-02 3.5763e+01 
4.0000e-02 4.8451e+01 
5.0000e-02 5.8830e+01 
6.0000e-02 6.6764e+01 
7.0000e-02 7.2775e+01 
8.0000e-02 7.7422e+01 
9.0000e-02 8.1143e+01 
1.0000e-01 8.4243e+01 
1.1000e-01 8.6919e+01 
1.2000e-01 8.9294e+01 
1.3000e-01 9.1445e+01 
1.4000e-01 9.3419e+01 
1.5000e-01 9.5248e+01 
1.6000e-01 9.6955e+01 
1.7000e-01 9.8560e+01 
1.8000e-01 1.0008e+02 
1.9000e-01 1.0153e+02 
2.0000e-01 1.0292e+02 
2.1000e-01 1.0428e+02 
2.2000e-01 1.0563e+02 
2.3000e-01 1.0698e+02 
2.4000e-01 1.0836e+02 
2.5000e-01 1.0980e+02 
2.6000e-01 1.1135e+02 
2.7000e-01 1.1305e+02 
2.8000e-01 1.1497e+02 
2.9000e-01 1.1722e+02 
3.0000e-01 1.1995e+02 
3.1000e-01 1.2337e+02 
3.2000e-01 1.2785e+02 
3.3000e-01 1.3397e+02 
3.4000e-01 1.4277e+02 
3.5000e-01 1.5613e+02 
3.6000e-01 1.7781e+02 
3.7000e-01 2.1567e+02 
3.8000e-01 2.8694e+02 
3.9000e-01 4.2452e+02 
4.0000e-01 6.3040e+02 
4.1000e-01 6.8578e+02 
4.2000e-01 5.1682e+02 
4.3000e-01 3.6674e+02 
4.4000e-01 2.8110e+02 
4.5000e-01 2.3335e+02 
4.6000e-01 2.0523e+02 
4.7000e-01 1.8765e+02 
4.8000e-01 1.7611e+02 
4.9000e-01 1.6825e+02 
5.0000e-01 1.6275e+02 
5.1000e-01 1.5883e+02 
5.2000e-01 1.5601e+02 
5.3000e-01 1.5398e+02 
5.4000e-01 1.5254e+02 
5.5000e-01 1.5154e+02 
5.6000e-01 1.5088e+02 
5.7000e-01 1.5050e+02 
5.8000e-01 1.5034e+02 
5.9000e-01 1.5036e+02 
6.0000e-01 1.5053e+02 
6.1000e-01 1.5083e+02 
6.2000e-01 1.5123e+02 
6.3000e-01 1.5173e+02 
6.4000e-01 1.5231e+02 
6.5000e-01 1.5297e+02 
6.6000e-01 1.5369e+02 
6.7000e-01 1.5447e+02 
6.8000e-01 1.5531e+02 
6.9000e-01 1.5621e+02 
7.0000e-01 1.5715e+02 
7.1000e-01 1.5815e+02 
7.2000e-01 1.5919e+02 
7.3000e-01 1.6028e+02 
7.4000e-01 1.6142e+02 
7.5000e-01 1.6260e+02 
7.6000e-01 1.6383e+02 
7.7000e-01 1.6511e+02 
7.8000e-01 1.6643e+02 
7.9000e-01 1.6781e+02 
8.0000e-01 1.6925e+02 
8.1000e-01 1.7074e+02 
8.2000e-01 1.7228e+02 
8.3000e-01 1.7390e+02 
8.4000e-01 1.7557e+02 
8.5000e-01 1.7732e+02 
8.6000e-01 1.7914e+02 
8.7000e-01 1.8104e+02 
8.8000e-01 1.8303e+02 
8.9000e-01 1.8511e+02 
9.0000e-01 1.8729e+02 
9.1000e-01 1.8957e+02 
9.2000e-01 1.9196e+02 
9.3000e-01 1.9448e+02 
9.4000e-01 1.9712e+02 
9.5000e-01 1.9991e+02 
9.6000e-01 2.0285e+02 
9.7000e-01 2.0594e+02 
9.8000e-01 2.0921e+02 
9.9000e-01 2.1267e+02 
1.0000e+00 2.1632e+02 
1.0100e+00 2.2018e+02 
1.0200e+00 2.2427e+02 
1.0300e+00 2.2860e+02 
1.0400e+00 2.3318e+02 
1.0500e+00 2.3802e+02 
1.0600e+00 2.4314e+02 
1.0700e+00 2.4855e+02 
1.0800e+00 2.5426e+02 
1.0900e+00 2.6028e+02 
1.1000e+00 2.6661e+02 
1.1100e+00 2.7325e+02 
1.1200e+00 2.8019e+02 
1.1300e+00 2.8742e+02 
1.1400e+00 2.9493e+02 
1.1500e+00 3.0268e+02 
1.1600e+00 3.1065e+02 
1.1700e+00 3.1877e+02 
1.1800e+00 3.2701e+02 
1.1900e+00 3.3528e+02 
1.2000e+00 3.4350e+02 
1.2100e+00 3.5160e+02 
1.2200e+00 3.5949e+02 
1.2300e+00 3.6705e+02 
1.2400e+00 3.7419e+02 
1.2500e+00 3.8083e+02 
1.2600e+00 3.8686e+02 
1.2700e+00 3.9223e+02 
1.2800e+00 3.9685e+02 
1.2900e+00 4.0069e+02 
1.3000e+00 4.0373e+02 
1.3100e+00 4.0595e+02 
1.3200e+00 4.0737e+02 
1.3300e+00 4.0802e+02 
1.3400e+00 4.0794e+02 
1.3500e+00 4.0720e+02 
1.3600e+00 4.0585e+02 
1.3700e+00 4.0398e+02 
1.3800e+00 4.0164e+02 
1.3900e+00 3.9892e+02 
1.4000e+00 3.9588e+02 
1.4100e+00 3.9259e+02 
1.4200e+00 3.8912e+02 
1.4300e+00 3.8552e+02 
1.4400e+00 3.8184e+02 
1.4500e+00 3.7812e+02 
1.4600e+00 3.7440e+02 
1.4700e+00 3.7071e+02 
1.4800e+00 3.6707e+02 
1.4900e+00 3.6351e+02 
1.5000e+00 3.6005e+02 
1.5100e+00 3.5669e+02 
1.5200e+00 3.5345e+02 
1.5300e+00 3.5033e+02 
1.5400e+00 3.4734e+02 
1.5500e+00 3.4449e+02 
1.5600e+00 3.4177e+02 
1.5700e+00 3.3918e+02 
1.5800e+00 3.3673e+02 
1.5900e+00 3.3441e+02 
1.6000e+00 3.3223e+02 
1.6100e+00 3.3016e+02 
1.6200e+00 3.2823e+02 
1.6300e+00 3.2641e+02 
1.6400e+00 3.2472e+02 
1.6500e+00 3.2314e+02 
1.6600e+00 3.2166e+02 
1.6700e+00 3.2030e+02 
1.6800e+00 3.1904e+02 
1.6900e+00 3.1789e+02 
1.7000e+00 3.1683e+02 
1.7100e+00 3.1586e+02 
1.7200e+00 3.1499e+02 
1.7300e+00 3.1421e+02 
1.7400e+00 3.1351e+02 
1.7500e+00 3.1290e+02 
1.7600e+00 3.1236e+02 
1.7700e+00 3.1191e+02 
1.7800e+00 3.1153e+02 
1.7900e+00 3.1123e+02 
1.8000e+00 3.1099e+02 
1.8100e+00 3.1083e+02 
1.8200e+00 3.1074e+02 
1.8300e+00 3.1071e+02 
1.8400e+00 3.1075e+02 
1.8500e+00 3.1085e+02 
1.8600e+00 3.1101e+02 
1.8700e+00 3.1123e+02 
1.8800e+00 3.1151e+02 
1.8900e+00 3.1185e+02 
1.9000e+00 3.1224e+02 
1.9100e+00 3.1269e+02 
1.9200e+00 3.1319e+02 
1.9300e+00 3.1375e+02 
1.9400e+00 3.1435e+02 
1.9500e+00 3.1500e+02 
1.9600e+00 3.1571e+02 
1.9700e+00 3.1646e+02 
1.9800e+00 3.1725e+02 
1.9900e+00 3.1809e+02 
2.0000e+00 3.1897e+02 
2.0100e+00 3.1990e+02 
2.0200e+00 3.2086e+02 
2.0300e+00 3.2187e+02 
2.0400e+00 3.2291e+02 
2.0500e+00 3.2398e+02 
2.0600e+00 3.2509e+02 
2.0700e+00 3.2623e+02 
2.0800e+00 3.2740e+02 
2.0900e+00 3.2860e+02 
2.1000e+00 3.2983e+02 
2.1100e+00 3.3108e+02 
2.1200e+00 3.3235e+02 
2.1300e+00 3.3364e+02 
2.1400e+00 3.3495e+02 
2.1500e+00 3.3628e+02 
2.1600e+00 3.3762e+02 
2.1700e+00 3.3897e+02 
2.1800e+00 3.4032e+02 
2.1900e+00 3.4168e+02 
2.2000e+00 3.4305e+02 
2.2100e+00 3.4441e+02 
2.2200e+00 3.4577e+02 
2.2300e+00 3.4713e+02 
2.2400e+00 3.4848e+02 
2.2500e+00 3.4981e+02 
2.2600e+00 3.5114e+02 
2.2700e+00 3.5245e+02 
2.2800e+00 3.5373e+02 
2.2900e+00 3.5500e+02 
2.3000e+00 3.5624e+02 
2.3100e+00 3.5746e+02 
2.3200e+00 3.5865e+02 
2.3300e+00 3.5980e+02 
2.3400e+00 3.6092e+02 
2.3500e+00 3.6201e+02 
2.3600e+00 3.6306e+02 
2.3700e+00 3.6407e+02 
2.3800e+00 3.6503e+02 
2.3900e+00 3.6596e+02 
2.4000e+00 3.6684e+02 
2.4100e+00 3.6768e+02 
2.4200e+00 3.6847e+02 
2.4300e+00 3.6921e+02 
2.4400e+00 3.6990e+02 
2.4500e+00 3.7055e+02 
2.4600e+00 3.7114e+02 
2.4700e+00 3.7169e+02 
2.4800e+00 3.7219e+02 
2.4900e+00 3.7264e+02 
2.5000e+00 3.7304e+02 
2.5100e+00 3.7340e+02 
2.5200e+00 3.7370e+02 
2.5300e+00 3.7396e+02 
2.5400e+00 3.7417e+02 
2.5500e+00 3.7434e+02 
2.5600e+00 3.7446e+02 
2.5700e+00 3.7454e+02 
2.5800e+00 3.7457e+02 
2.5900e+00 3.7457e+02 
2.6000e+00 3.7453e+02 
2.6100e+00 3.7445e+02 
2.6200e+00 3.7433e+02 
2.6300e+00 3.7418e+02 
2.6400e+00 3.7399e+02 
2.6500e+00 3.7378e+02 
2.6600e+00 3.7353e+02 
2.6700e+00 3.7325e+02 
2.6800e+00 3.7295e+02 
2.6900e+00 3.7262e+02 
2.7000e+00 3.7227e+02 
2.7100e+00 3.7190e+02 
2.7200e+00 3.7151e+02 
2.7300e+00 3.7110e+02 
2.7400e+00 3.7067e+02 
2.7500e+00 3.7022e+02 
2.7600e+00 3.6977e+02 
2.7700e+00 3.6929e+02 
2.7800e+00 3.6881e+02 
2.7900e+00 3.6832e+02 
2.8000e+00 3.6782e+02 
2.8100e+00 3.6731e+02 
2.8200e+00 3.6679e+02 
2.8300e+00 3.6627e+02 
2.8400e+00 3.6574e+02 
2.8500e+00 3.6522e+02 
2.8600e+00 3.6468e+02 
2.8700e+00 3.6415e+02 
2.8800e+00 3.6362e+02 
2.8900e+00 3.6309e+02 
2.9000e+00 3.6256e+02 
2.9100e+00 3.6203e+02 
2.9200e+00 3.6151e+02 
2.9300e+00 3.6099e+02 
2.9400e+00 3.6047e+02 
2.9500e+00 3.5996e+02 
2.9600e+00 3.5946e+02 
2.9700e+00 3.5896e+02 
2.9800e+00 3.5847e+02 
2.9900e+00 3.5798e+02 
3.0000e+00 3.5750e+02 
3.0100e+00 3.5703e+02 
3.0200e+00 3.5657e+02 
3.0300e+00 3.5612e+02 
3.0400e+00 3.5567e+02 
3.0500e+00 3.5524e+02 
3.0600e+00 3.5481e+02 
3.0700e+00 3.5439e+02 
3.0800e+00 3.5399e+02 
3.0900e+00 3.5359e+02 
3.1000e+00 3.5320e+02 
3.1100e+00 3.5283e+02 
3.1200e+00 3.5246e+02 
3.1300e+00 3.5210e+02 
3.1400e+00 3.5175e+02 
3.1500e+00 3.5142e+02 
3.1600e+00 3.5109e+02 
3.1700e+00 3.5078e+02 
3.1800e+00 3.5047e+02 
3.1900e+00 3.5018e+02 
3.2000e+00 3.4989e+02 
3.2100e+00 3.4961e+02 
3.2200e+00 3.4935e+02 
3.2300e+00 3.4909e+02 
3.2400e+00 3.4885e+02 
3.2500e+00 3.4861e+02 
3.2600e+00 3.4838e+02 
3.2700e+00 3.4817e+02 
3.2800e+00 3.4796e+02 
3.2900e+00 3.4776e+02 
3.3000e+00 3.4757e+02 
3.3100e+00 3.4739e+02 
3.3200e+00 3.4721e+02 
3.3300e+00 3.4705e+02 
3.3400e+00 3.4689e+02 
3.3500e+00 3.4674e+02 
3.3600e+00 3.4660e+02 
3.3700e+00 3.4646e+02 
3.3800e+00 3.4634e+02 
3.3900e+00 3.4621e+02 
3.4000e+00 3.4610e+02 
3.4100e+00 3.4599e+02 
3.4200e+00 3.4589e+02 
3.4300e+00 3.4579e+02 
3.4400e+00 3.4570e+02 
3.4500e+00 3.4562e+02 
3.4600e+00 3.4554e+02 
3.4700e+00 3.4546e+02 
3.4800e+00 3.4539e+02 
3.4900e+00 3.4532e+02 
3.5000e+00 3.4526e+02 
1.0000e-02 3.2114e+01 
2.0000e-02 2.6166e+01 
3.0000e-02 3.7290e+01 
4.0000e-02 4.9714e+01 
5.0000e-02 5.9965e+01 
6.0000e-02 6.7784e+01 
7.0000e-02 7.3672e+01 
8.0000e-02 7.8196e+01 
9.0000e-02 8.1801e+01 
1.0000e-01 8.4797e+01 
1.1000e-01 8.7385e+01 
1.2000e-01 8.9686e+01 
1.3000e-01 9.1775e+01 
1.4000e-01 9.3697e+01 
1.5000e-01 9.5482e+01 
1.6000e-01 9.7153e+01 
1.7000e-01 9.8727e+01 
1.8000e-01 1.0022e+02 
1.9000e-01 1.0165e+02 
2.0000e-01 1.0303e+02 
2.1000e-01 1.0439e+02 
2.2000e-01 1.0573e+02 
2.3000e-01 1.0710e+02 
2.4000e-01 1.0851e+02 
2.5000e-01 1.1001e+02 
2.6000e-01 1.1165e+02 
2.7000e-01 1.1350e+02 
2.8000e-01 1.1567e+02 
2.9000e-01 1.1830e+02 
3.0000e-01 1.2162e+02 
3.1000e-01 1.2603e+02 
3.2000e-01 1.3217e+02 
3.3000e-01 1.4121e+02 
3.4000e-01 1.5546e+02 
3.5000e-01 1.7968e+02 
3.6000e-01 2.2484e+02 
3.7000e-01 3.1705e+02 
3.8000e-01 5.0441e+02 
3.9000e-01 7.1433e+02 
4.0000e-01 6.1052e+02 
4.1000e-01 4.0902e+02 
4.2000e-01 2.9360e+02 
4.3000e-01 2.3425e+02 
4.4000e-01 2.0170e+02 
4.5000e-01 1.8243e+02 
4.6000e-01 1.7031e+02 
4.7000e-01 1.6231e+02 
4.8000e-01 1.5685e+02 
4.9000e-01 1.5305e+02 
5.0000e-01 1.5038e+02 
5.1000e-01 1.4850e+02 
5.2000e-01 1.4719e+02 
5.3000e-01 1.4632e+02 
5.4000e-01 1.4578e+02 
5.5000e-01 1.4549e+02 
5.6000e-01 1.4542e+02 
5.7000e-01 1.4551e+02 
5.8000e-01 1.4574e+02 
5.9000e-01 1.4610e+02 
6.0000e-01 1.4655e+02 
6.1000e-01 1.4709e+02 
6.2000e-01 1.4771e+02 
6.3000e-01 1.4839e+02 
6.4000e-01 1.4914e+02 
6.5000e-01 1.4995e+02 
6.6000e-01 1.5081e+02 
6.7000e-01 1.5172e+02 
6.8000e-01 1.5268e+02 
6.9000e-01 1.5368e+02 
7.0000e-01 1.5473e+02 
7.1000e-01 1.5583e+02 
7.2000e-01 1.5697e+02 
7.3000e-01 1.5815e+02 
7.4000e-01 1.5938e+02 
7.5000e-01 1.6065e+02 
7.6000e-01 1.6197e+02 
7.7000e-01 1.6335e+02 
7.8000e-01 1.6477e+02 
7.9000e-01 1.6625e+02 
8.0000e-01 1.6779e+02 
8.1000e-01 1.6938e+02 
8.2000e-01 1.7104e+02 
8.3000e-01 1.7277e+02 
8.4000e-01 1.7457e+02 
8.5000e-01 1.7645e+02 
8.6000e-01 1.7842e+02 
8.7000e-01 1.8047e+02 
8.8000e-01 1.8262e+02 
8.9000e-01 1.8488e+02 
9.0000e-01 1.8724e+02 
9.1000e-01 1.8973e+02 
9.2000e-01 1.9234e+02 
9.3000e-01 1.9510e+02 
9.4000e-01 1.9800e+02 
9.5000e-01 2.0107e+02 
9.6000e-01 2.0431e+02 
9.7000e-01 2.0774e+02 
9.8000e-01 2.1137e+02 
9.9000e-01 2.1521e+02 
1.0000e+00 2.1929e+02 
1.0100e+00 2.2361e+02 
1.0200e+00 2.2819e+02 
1.0300e+00 2.3305e+02 
1.0400e+00 2.3820e+02 
1.0500e+00 2.4365e+02 
1.0600e+00 2.4943e+02 
1.0700e+00 2.5553e+02 
1.0800e+00 2.6196e+02 
1.0900e+00 2.6873e+02 
1.1000e+00 2.7584e+02 
1.1100e+00 2.8328e+02 
1.1200e+00 2.9103e+02 
1.1300e+00 2.9906e+02 
1.1400e+00 3.0734e+02 
1.1500e+00 3.1582e+02 
1.1600e+00 3.2445e+02 
1.1700e+00 3.3314e+02 
1.1800e+00 3.4182e+02 
1.1900e+00 3.5038e+02 
1.2000e+00 3.5874e+02 
1.2100e+00 3.6676e+02 
1.2200e+00 3.7435e+02 
1.2300e+00 3.8140e+02 
1.2400e+00 3.8780e+02 
1.2500e+00 3.9346e+02 
1.2600e+00 3.9832e+02 
1.2700e+00 4.0232e+02 
1.2800e+00 4.0542e+02 
1.2900e+00 4.0764e+02 
1.3000e+00 4.0897e+02 
1.3100e+00 4.0947e+02 
1.3200e+00 4.0917e+02 
1.3300e+00 4.0816e+02 
1.3400e+00 4.0650e+02 
1.3500e+00 4.0428e+02 
1.3600e+00 4.0158e+02 
1.3700e+00 3.9849e+02 
1.3800e+00 3.9509e+02 
1.3900e+00 3.9144e+02 
1.4000e+00 3.8763e+02 
1.4100e+00 3.8370e+02 
1.4200e+00 3.7971e+02 
1.4300e+00 3.7570e+02 
1.4400e+00 3.7172e+02 
1.4500e+00 3.6780e+02 
1.4600e+00 3.6395e+02 
1.4700e+00 3.6021e+02 
1.4800e+00 3.5658e+02 
1.4900e+00 3.5308e+02 
1.5000e+00 3.4972e+02 
1.5100e+00 3.4651e+02 
1.5200e+00 3.4344e+02 
1.5300e+00 3.4052e+02 
1.5400e+00 3.3775e+02 
1.5500e+00 3.3512e+02 
1.5600e+00 3.3264e+02 
1.5700e+00 3.3031e+02 
1.5800e+00 3.2812e+02 
1.5900e+00 3.2606e+02 
1.6000e+00 3.2413e+02 
1.6100e+00 3.2234e+02 
1.6200e+00 3.2067e+02 
1.6300e+00 3.1912e+02 
1.6400e+00 3.1768e+02 
1.6500e+00 3.1636e+02 
1.6600e+00 3.1515e+02 
1.6700e+00 3.1404e+02 
1.6800e+00 3.1303e+02 
1.6900e+00 3.1212e+02 
1.7000e+00 3.1131e+02 
1.7100e+00 3.1058e+02 
1.7200e+00 3.0995e+02 
1.7300e+00 3.0940e+02 
1.7400e+00 3.0893e+02 
1.7500e+00 3.0854e+02 
1.7600e+00 3.0823e+02 
1.7700e+00 3.0800e+02 
1.7800e+00 3.0784e+02 
1.7900e+00 3.0775e+02 
1.8000e+00 3.0773e+02 
1.8100e+00 3.0778e+02 
1.8200e+00 3.0790e+02 
1.8300e+00 3.0808e+02 
1.8400e+00 3.0832e+02 
1.8500e+00 3.0862e+02 
1.8600e+00 3.0899e+02 
1.8700e+00 3.0941e+02 
1.8800e+00 3.0989e+02 
1.8900e+00 3.1042e+02 
1.9000e+00 3.1101e+02 
1.9100e+00 3.1166e+02 
1.9200e+00 3.1235e+02 
1.9300e+00 3.1310e+02 
1.9400e+00 3.1389e+02 
1.9500e+00 3.1474e+02 
1.9600e+00 3.1563e+02 
1.9700e+00 3.1656e+02 
1.9800e+00 3.1754e+02 
1.9900e+00 3.1856e+02 
2.0000e+00 3.1963e+02 
2.0100e+00 3.2073e+02 
2.0200e+00 3.2187e+02 
2.0300e+00 3.2305e+02 
2.0400e+00 3.2426e+02 
2.0500e+00 3.2550e+02 
2.0600e+00 3.2678e+02 
2.0700e+00 3.2808e+02 
2.0800e+00 3.2941e+02 
2.0900e+00 3.3076e+02 
2.1000e+00 3.3214e+02 
2.1100e+00 3.3353e+02 
2.1200e+00 3.3494e+02 
2.1300e+00 3.3637e+02 
2.1400e+00 3.3781e+02 
2.1500e+00 3.3925e+02 
2.1600e+00 3.4071e+02 
2.1700e+00 3.4216e+02 
2.1800e+00 3.4362e+02 
2.1900e+00 3.4508e+02 
2.2000e+00 3.4653e+02 
2.2100e+00 3.4797e+02 
2.2200e+00 3.4941e+02 
2.2300e+00 3.5083e+02 
2.2400e+00 3.5223e+02 
2.2500e+00 3.5361e+02 
2.2600e+00 3.5497e+02 
2.2700e+00 3.5630e+02 
2.2800e+00 3.5761e+02 
2.2900e+00 3.5889e+02 
2.3000e+00 3.6013e+02 
2.3100e+00 3.6134e+02 
2.3200e+00 3.6251e+02 
2.3300e+00 3.6363e+02 
2.3400e+00 3.6472e+02 
2.3500e+00 3.6576e+02 
2.3600e+00 3.6676e+02 
2.3700e+00 3.6771e+02 
2.3800e+00 3.6861e+02 
2.3900e+00 3.6946e+02 
2.4000e+00 3.7026e+02 
2.4100e+00 3.7101e+02 
2.4200e+00 3.7170e+02 
2.4300e+00 3.7235e+02 
2.4400e+00 3.7294e+02 
2.4500e+00 3.7347e+02 
2.4600e+00 3.7396e+02 
2.4700e+00 3.7439e+02 
2.4800e+00 3.7477e+02 
2.4900e+00 3.7510e+02 
2.5000e+00 3.7538e+02 
2.5100e+00 3.7561e+02 
2.5200e+00 3.7579e+02 
2.5300e+00 3.7592e+02 
2.5400e+00 3.7600e+02 
2.5500e+00 3.7605e+02 
2.5600e+00 3.7604e+02 
2.5700e+00 3.7600e+02 
2.5800e+00 3.7592e+02 
2.5900e+00 3.7579e+02 
2.6000e+00 3.7563e+02 
2.6100e+00 3.7544e+02 
2.6200e+00 3.7521e+02 
2.6300e+00 3.7495e+02 
2.6400e+00 3.7466e+02 
2.6500e+00 3.7434e+02 
2.6600e+00 3.7400e+02 
2.6700e+00 3.7363e+02 
2.6800e+00 3.7324e+02 
2.6900e+00 3.7283e+02 
2.7000e+00 3.7240e+02 
2.7100e+00 3.7195e+02 
2.7200e+00 3.7148e+02 
2.7300e+00 3.7100e+02 
2.7400e+00 3.7051e+02 
2.7500e+00 3.7001e+02 
2.7600e+00 3.6949e+02 
2.7700e+00 3.6897e+02 
2.7800e+00 3.6844e+02 
2.7900e+00 3.6791e+02 
2.8000e+00 3.6737e+02 
2.8100e+00 3.6682e+02 
2.8200e+00 3.6628e+02 
2.8300e+00 3.6573e+02 
2.8400e+00 3.6518e+02 
2.8500e+00 3.6463e+02 
2.8600e+00 3.6409e+02 
2.8700e+00 3.6354e+02 
2.8800e+00 3.6300e+02 
2.8900e+00 3.6247e+02 
2.9000e+00 3.6194e+02 
2.9100e+00 3.6141e+02 
2.9200e+00 3.6089e+02 
2.9300e+00 3.6038e+02 
2.9400e+00 3.5987e+02 
2.9500e+00 3.5937e+02 
2.9600e+00 3.5888e+02 
2.9700e+00 3.5840e+02 
2.9800e+00 3.5793e+02 
2.9900e+00 3.5746e+02 
3.0000e+00 3.5701e+02 
3.0100e+00 3.5656e+02 
3.0200e+00 3.5613e+02 
3.0300e+00 3.5570e+02 
3.0400e+00 3.5529e+02 
3.0500e+00 3.5489e+02 
3.0600e+00 3.5449e+02 
3.0700e+00 3.5411e+02 
3.0800e+00 3.5374e+02 
3.0900e+00 3.5338e+02 
3.1000e+00 3.5303e+02 
3.1100e+00 3.5269e+02 
3.1200e+00 3.5237e+02 
3.1300e+00 3.5205e+02 
3.1400e+00 3.5175e+02 
3.1500e+00 3.5145e+02 
3.1600e+00 3.5117e+02 
3.1700e+00 3.5090e+02 
3.1800e+00 3.5064e+02 
3.1900e+00 3.5039e+02 
3.2000e+00 3.5014e+02 
3.2100e+00 3.4991e+02 
3.2200e+00 3.4970e+02 
3.2300e+00 3.4949e+02 
3.2400e+00 3.4929e+02 
3.2500e+00 3.4910e+02 
3.2600e+00 3.4891e+02 
3.2700e+00 3.4874e+02 
3.2800e+00 3.4858e+02 
3.2900e+00 3.4843e+02 
3.3000e+00 3.4828e+02 
3.3100e+00 3.4814e+02 
3.3200e+00 3.4802e+02 
3.3300e+00 3.4789e+02 
3.3400e+00 3.4778e+02 
3.3500e+00 3.4767e+02 
3.3600e+00 3.4758e+02 
3.3700e+00 3.4748e+02 
3.3800e+00 3.4740e+02 
3.3900e+00 3.4732e+02 
3.4000e+00 3.4724e+02 
3.4100e+00 3.4718e+02 
3.4200e+00 3.4711e+02 
3.4300e+00 3.4705e+02 
3.4400e+00 3.4700e+02 
3.4500e+00 3.4695e+02 
3.4600e+00 3.4691e+02 
3.4700e+00 3.4687e+02 
3.4800e+00 3.4683e+02 
3.4900e+00 3.4679e+02 
3.5000e+00 3.4676e+02 
1.0000e-02 3.8873e+01 
2.0000e-02 2.9091e+01 
3.0000e-02 3.9187e+01 
4.0000e-02 5.1286e+01 
5.0000e-02 6.1371e+01 
6.0000e-02 6.9044e+01 
7.0000e-02 7.4784e+01 
8.0000e-02 7.9160e+01 
9.0000e-02 8.2630e+01 
1.0000e-01 8.5508e+01 
1.1000e-01 8.7994e+01 
1.2000e-01 9.0209e+01 
1.3000e-01 9.2227e+01 
1.4000e-01 9.4090e+01 
1.5000e-01 9.5826e+01 
1.6000e-01 9.7455e+01 
1.7000e-01 9.8994e+01 
1.8000e-01 1.0046e+02 
1.9000e-01 1.0187e+02 
2.0000e-01 1.0323e+02 
2.1000e-01 1.0458e+02 
2.2000e-01 1.0593e+02 
2.3000e-01 1.0732e+02 
2.4000e-01 1.0878e+02 
2.5000e-01 1.1037e+02 
2.6000e-01 1.1215e+02 
2.7000e-01 1.1423e+02 
2.8000e-01 1.1676e+02 
2.9000e-01 1.1998e+02 
3.0000e-01 1.2431e+02 
3.1000e-01 1.3047e+02 
3.2000e-01 1.3980e+02 
3.3000e-01 1.5512e+02 
3.4000e-01 1.8270e+02 
3.5000e-01 2.3837e+02 
3.6000e-01 3.6378e+02 
3.7000e-01 6.1910e+02 
3.8000e-01 7.2194e+02 
3.9000e-01 4.8078e+02 
4.0000e-01 3.1573e+02 
4.1000e-01 2.3813e+02 
4.2000e-01 1.9926e+02 
4.3000e-01 1.7776e+02 
4.4000e-01 1.6488e+02 
4.5000e-01 1.5669e+02 
4.6000e-01 1.5128e+02 
4.7000e-01 1.4760e+02 
4.8000e-01 1.4507e+02 
4.9000e-01 1.4333e+02 
5.0000e-01 1.4216e+02 
5.1000e-01 1.4141e+02 
5.2000e-01 1.4097e+02 
5.3000e-01 1.4078e+02 
5.4000e-01 1.4078e+02 
5.5000e-01 1.4094e+02 
5.6000e-01 1.4123e+02 
5.7000e-01 1.4163e+02 
5.8000e-01 1.4212e+02 
5.9000e-01 1.4270e+02 
6.0000e-01 1.4334e+02 
6.1000e-01 1.4405e+02 
6.2000e-01 1.4482e+02 
6.3000e-01 1.4564e+02 
6.4000e-01 1.4651e+02 
6.5000e-01 1.4743e+02 
6.6000e-01 1.4839e+02 
6.7000e-01 1.4940e+02 
6.8000e-01 1.5045e+02 
6.9000e-01 1.5154e+02 
7.0000e-01 1.5267e+02 
7.1000e-01 1.5385e+02 
7.2000e-01 1.5507e+02 
7.3000e-01 1.5634e+02 
7.4000e-01 1.5765e+02 
7.5000e-01 1.5901e+02 
7.6000e-01 1.6042e+02 
7.7000e-01 1.6188e+02 
7.8000e-01 1.6339e+02 
7.9000e-01 1.6497e+02 
8.0000e-01 1.6661e+02 
8.1000e-01 1.6831e+02 
8.2000e-01 1.7009e+02 
8.3000e-01 1.7194e+02 
8.4000e-01 1.7388e+02 
8.5000e-01 1.7590e+02 
8.6000e-01 1.7801e+02 
8.7000e-01 1.8023e+02 
8.8000e-01 1.8256e+02 
8.9000e-01 1.8501e+02 
9.0000e-01 1.8759e+02 
9.1000e-01 1.9030e+02 
9.2000e-01 1.9316e+02 
9.3000e-01 1.9619e+02 
9.4000e-01 1.9939e+02 
9.5000e-01 2.0278e+02 
9.6000e-01 2.0637e+02 
9.7000e-01 2.1018e+02 
9.8000e-01 2.1423e+02 
9.9000e-01 2.1853e+02 
1.0000e+00 2.2309e+02 
1.0100e+00 2.2794e+02 
1.0200e+00 2.3310e+02 
1.0300e+00 2.3857e+02 
1.0400e+00 2.4439e+02 
1.0500e+00 2.5055e+02 
1.0600e+00 2.5707e+02 
1.0700e+00 2.6396e+02 
1.0800e+00 2.7121e+02 
1.0900e+00 2.7883e+02 
1.1000e+00 2.8680e+02 
1.1100e+00 2.9510e+02 
1.1200e+00 3.0369e+02 
1.1300e+00 3.1252e+02 
1.1400e+00 3.2154e+02 
1.1500e+00 3.3067e+02 
1.1600e+00 3.3981e+02 
1.1700e+00 3.4887e+02 
1.1800e+00 3.5773e+02 
1.1900e+00 3.6625e+02 
1.2000e+00 3.7433e+02 
1.2100e+00 3.8183e+02 
1.2200e+00 3.8863e+02 
1.2300e+00 3.9463e+02 
1.2400e+00 3.9975e+02 
1.2500e+00 4.0392e+02 
1.2600e+00 4.0712e+02 
1.2700e+00 4.0933e+02 
1.2800e+00 4.1058e+02 
1.2900e+00 4.1090e+02 
1.3000e+00 4.1037e+02 
1.3100e+00 4.0906e+02 
1.3200e+00 4.0707e+02 
1.3300e+00 4.0448e+02 
1.3400e+00 4.0139e+02 
1.3500e+00 3.9791e+02 
1.3600e+00 3.9411e+02 
1.3700e+00 3.9009e+02 
1.3800e+00 3.8591e+02 
1.3900e+00 3.8163e+02 
1.4000e+00 3.7733e+02 
1.4100e+00 3.7303e+02 
1.4200e+00 3.6879e+02 
1.4300e+00 3.6463e+02 
1.4400e+00 3.6057e+02 
1.4500e+00 3.5665e+02 
1.4600e+00 3.5286e+02 
1.4700e+00 3.4923e+02 
1.4800e+00 3.4575e+02 
1.4900e+00 3.4244e+02 
1.5000e+00 3.3930e+02 
1.5100e+00 3.3632e+02 
1.5200e+00 3.3350e+02 
1.5300e+00 3.3085e+02 
1.5400e+00 3.2835e+02 
1.5500e+00 3.2601e+02 
1.5600e+00 3.2381e+02 
1.5700e+00 3.2177e+02 
1.5800e+00 3.1986e+02 
1.5900e+00 3.1809e+02 
1.6000e+00 3.1645e+02 
1.6100e+00 3.1493e+02 
1.6200e+00 3.1354e+02 
1.6300e+00 3.1226e+02 
1.6400e+00 3.1110e+02 
1.6500e+00 3.1004e+02 
1.6600e+00 3.0909e+02 
1.6700e+00 3.0824e+02 
1.6800e+00 3.0749e+02 
1.6900e+00 3.0683e+02 
1.7000e+00 3.0626e+02 
1.7100e+00 3.0577e+02 
1.7200e+00 3.0537e+02 
1.7300e+00 3.0506e+02 
1.7400e+00 3.0482e+02 
1.7500e+00 3.0466e+02 
1.7600e+00 3.0458e+02 
1.7700e+00 3.0457e+02 
1.7800e+00 3.0462e+02 
1.7900e+00 3.0475e+02 
1.8000e+00 3.0495e+02 
1.8100e+00 3.0521e+02 
1.8200e+00 3.0553e+02 
1.8300e+00 3.0592e+02 
1.8400e+00 3.0637e+02 
1.8500e+00 3.0688e+02 
1.8600e+00 3.0745e+02 
1.8700e+00 3.0807e+02 
1.8800e+00 3.0875e+02 
1.8900e+00 3.0948e+02 
1.9000e+00 3.1027e+02 
1.9100e+00 3.1111e+02 
1.9200e+00 3.1200e+02 
1.9300e+00 3.1294e+02 
1.9400e+00 3.1393e+02 
1.9500e+00 3.1496e+02 
1.9600e+00 3.1604e+02 
1.9700e+00 3.1716e+02 
1.9800e+00 3.1833e+02 
1.9900e+00 3.1953e+02 
2.0000e+00 3.2078e+02 
2.0100e+00 3.2206e+02 
2.0200e+00 3.2337e+02 
2.0300e+00 3.2472e+02 
2.0400e+00 3.2610e+02 
2.0500e+00 3.2751e+02 
2.0600e+00 3.2894e+02 
2.0700e+00 3.3040e+02 
2.0800e+00 3.3188e+02 
2.0900e+00 3.3338e+02 
2.1000e+00 3.3490e+02 
2.1100e+00 3.3643e+02 
2.1200e+00 3.3797e+02 
2.1300e+00 3.3952e+02 
2.1400e+00 3.4107e+02 
2.1500e+00 3.4263e+02 
2.1600e+00 3.4418e+02 
2.1700e+00 3.4573e+02 
2.1800e+00 3.4727e+02 
2.1900e+00 3.4881e+02 
2.2000e+00 3.5033e+02 
2.2100e+00 3.5183e+02 
2.2200e+00 3.5331e+02 
2.2300e+00 3.5477e+02 
2.2400e+00 3.5620e+02 
2.2500e+00 3.5760e+02 
2.2600e+00 3.5897e+02 
2.2700e+00 3.6031e+02 
2.2800e+00 3.6160e+02 
2.2900e+00 3.6286e+02 
2.3000e+00 3.6407e+02 
2.3100e+00 3.6524e+02 
2.3200e+00 3.6636e+02 
2.3300e+00 3.6744e+02 
2.3400e+00 3.6846e+02 
2.3500e+00 3.6943e+02 
2.3600e+00 3.7034e+02 
2.3700e+00 3.7120e+02 
2.3800e+00 3.7201e+02 
2.3900e+00 3.7276e+02 
2.4000e+00 3.7345e+02 
2.4100e+00 3.7409e+02 
2.4200e+00 3.7467e+02 
2.4300e+00 3.7519e+02 
2.4400e+00 3.7565e+02 
2.4500e+00 3.7606e+02 
2.4600e+00 3.7642e+02 
2.4700e+00 3.7672e+02 
2.4800e+00 3.7696e+02 
2.4900e+00 3.7716e+02 
2.5000e+00 3.7730e+02 
2.5100e+00 3.7739e+02 
2.5200e+00 3.7744e+02 
2.5300e+00 3.7744e+02 
2.5400e+00 3.7739e+02 
2.5500e+00 3.7730e+02 
2.5600e+00 3.7718e+02 
2.5700e+00 3.7701e+02 
2.5800e+00 3.7680e+02 
2.5900e+00 3.7656e+02 
2.6000e+00 3.7629e+02 
2.6100e+00 3.7598e+02 
2.6200e+00 3.7565e+02 
2.6300e+00 3.7528e+02 
2.6400e+00 3.7490e+02 
2.6500e+00 3.7448e+02 
2.6600e+00 3.7405e+02 
2.6700e+00 3.7360e+02 
2.6800e+00 3.7313e+02 
2.6900e+00 3.7264e+02 
2.7000e+00 3.7214e+02 
2.7100e+00 3.7163e+02 
2.7200e+00 3.7110e+02 
2.7300e+00 3.7056e+02 
2.7400e+00 3.7002e+02 
2.7500e+00 3.6947e+02 
2.7600e+00 3.6891e+02 
2.7700e+00 3.6835e+02 
2.7800e+00 3.6779e+02 
2.7900e+00 3.6723e+02 
2.8000e+00 3.6666e+02 
2.8100e+00 3.6610e+02 
2.8200e+00 3.6553e+02 
2.8300e+00 3.6497e+02 
2.8400e+00 3.6441e+02 
2.8500e+00 3.6386e+02 
2.8600e+00 3.6331e+02 
2.8700e+00 3.6277e+02 
2.8800e+00 3.6223e+02 
2.8900e+00 3.6170e+02 
2.9000e+00 3.6118e+02 
2.9100e+00 3.6067e+02 
2.9200e+00 3.6016e+02 
2.9300e+00 3.5967e+02 
2.9400e+00 3.5918e+02 
2.9500e+00 3.5870e+02 
2.9600e+00 3.5824e+02 
2.9700e+00 3.5778e+02 
2.9800e+00 3.5734e+02 
2.9900e+00 3.5690e+02 
3.0000e+00 3.5648e+02 
3.0100e+00 3.5607e+02 
3.0200e+00 3.5567e+02 
3.0300e+00 3.5528e+02 
3.0400e+00 3.5491e+02 
3.0500e+00 3.5454e+02 
3.0600e+00 3.5419e+02 
3.0700e+00 3.5385e+02 
3.0800e+00 3.5352e+02 
3.0900e+00 3.5321e+02 
3.1000e+00 3.5290e+02 
3.1100e+00 3.5261e+02 
3.1200e+00 3.5233e+02 
3.1300e+00 3.5206e+02 
3.1400e+00 3.5180e+02 
3.1500e+00 3.5156e+02 
3.1600e+00 3.5132e+02 
3.1700e+00 3.5110e+02 
3.1800e+00 3.5088e+02 
3.1900e+00 3.5068e+02 
3.2000e+00 3.5049e+02 
3.2100e+00 3.5031e+02 
3.2200e+00 3.5014e+02 
3.2300e+00 3.4998e+02 
3.2400e+00 3.4983e+02 
3.2500e+00 3.4968e+02 
3.2600e+00 3.4955e+02 
3.2700e+00 3.4943e+02 
3.2800e+00 3.4931e+02 
3.2900e+00 3.4921e+02 
3.3000e+00 3.4911e+02 
3.3100e+00 3.4902e+02 
3.3200e+00 3.4893e+02 
3.3300e+00 3.4886e+02 
3.3400e+00 3.4879e+02 
3.3500e+00 3.4873e+02 
3.3600e+00 3.4867e+02 
3.3700e+00 3.4862e+02 
3.3800e+00 3.4858e+02 
3.3900e+00 3.4854e+02 
3.4000e+00 3.4850e+02 
3.4100e+00 3.4848e+02 
3.4200e+00 3.4845e+02 
3.4300e+00 3.4843e+02 
3.4400e+00 3.4841e+02 
3.4500e+00 3.4840e+02 
3.4600e+00 3.4839e+02 
3.4700e+00 3.4838e+02 
3.4800e+00 3.4838e+02 
3.4900e+00 3.4837e+02 
3.5000e+00 3.4837e+02 
1.0000e-02 4.6663e+01 
2.0000e-02 3.2560e+01 
3.0000e-02 4.1480e+01 
4.0000e-02 5.3190e+01 
5.0000e-02 6.3068e+01 
6.0000e-02 7.0561e+01 
7.0000e-02 7.6122e+01 
8.0000e-02 8.0328e+01 
9.0000e-02 8.3641e+01 
1.0000e-01 8.6383e+01 
1.1000e-01 8.8753e+01 
1.2000e-01 9.0872e+01 
1.3000e-01 9.2810e+01 
1.4000e-01 9.4605e+01 
1.5000e-01 9.6285e+01 
1.6000e-01 9.7867e+01 
1.7000e-01 9.9367e+01 
1.8000e-01 1.0080e+02 
1.9000e-01 1.0218e+02 
2.0000e-01 1.0354e+02 
2.1000e-01 1.0488e+02 
2.2000e-01 1.0625e+02 
2.3000e-01 1.0767e+02 
2.4000e-01 1.0921e+02 
2.5000e-01 1.1092e+02 
2.6000e-01 1.1291e+02 
2.7000e-01 1.1533e+02 
2.8000e-01 1.1845e+02 
2.9000e-01 1.2270e+02 
3.0000e-01 1.2888e+02 
3.1000e-01 1.3857e+02 
3.2000e-01 1.5524e+02 
3.3000e-01 1.8742e+02 
3.4000e-01 2.5919e+02 
3.5000e-01 4.4046e+02 
3.6000e-01 7.4746e+02 
3.7000e-01 6.0251e+02 
3.8000e-01 3.5548e+02 
3.9000e-01 2.4681e+02 
4.0000e-01 1.9835e+02 
4.1000e-01 1.7375e+02 
4.2000e-01 1.5987e+02 
4.3000e-01 1.5144e+02 
4.4000e-01 1.4605e+02 
4.5000e-01 1.4249e+02 
4.6000e-01 1.4011e+02 
4.7000e-01 1.3852e+02 
4.8000e-01 1.3747e+02 
4.9000e-01 1.3683e+02 
5.0000e-01 1.3649e+02 
5.1000e-01 1.3638e+02 
5.2000e-01 1.3645e+02 
5.3000e-01 1.3667e+02 
5.4000e-01 1.3701e+02 
5.5000e-01 1.3744e+02 
5.6000e-01 1.3797e+02 
5.7000e-01 1.3857e+02 
5.8000e-01 1.3923e+02 
5.9000e-01 1.3995e+02 
6.0000e-01 1.4073e+02 
6.1000e-01 1.4156e+02 
6.2000e-01 1.4243e+02 
6.3000e-01 1.4335e+02 
6.4000e-01 1.4431e+02 
6.5000e-01 1.4531e+02 
6.6000e-01 1.4635e+02 
6.7000e-01 1.4744e+02 
6.8000e-01 1.4856e+02 
6.9000e-01 1.4972e+02 
7.0000e-01 1.5093e+02 
7.1000e-01 1.5218e+02 
7.2000e-01 1.5347e+02 
7.3000e-01 1.5481e+02 
7.4000e-01 1.5620e+02 
7.5000e-01 1.5763e+02 
7.6000e-01 1.5913e+02 
7.7000e-01 1.6068e+02 
7.8000e-01 1.6228e+02 
7.9000e-01 1.6396e+02 
8.0000e-01 1.6570e+02 
8.1000e-01 1.6752e+02 
8.2000e-01 1.6942e+02 
8.3000e-01 1.7140e+02 
8.4000e-01 1.7348e+02 
8.5000e-01 1.7565e+02 
8.6000e-01 1.7794e+02 
8.7000e-01 1.8034e+02 
8.8000e-01 1.8287e+02 
8.9000e-01 1.8553e+02 
9.0000e-01 1.8834e+02 
9.1000e-01 1.9132e+02 
9.2000e-01 1.9447e+02 
9.3000e-01 1.9780e+02 
9.4000e-01 2.0135e+02 
9.5000e-01 2.0511e+02 
9.6000e-01 2.0911e+02 
9.7000e-01 2.1336e+02 
9.8000e-01 2.1789e+02 
9.9000e-01 2.2272e+02 
1.0000e+00 2.2786e+02 
1.0100e+00 2.3333e+02 
1.0200e+00 2.3916e+02 
1.0300e+00 2.4536e+02 
1.0400e+00 2.5194e+02 
1.0500e+00 2.5891e+02 
1.0600e+00 2.6629e+02 
1.0700e+00 2.7407e+02 
1.0800e+00 2.8224e+02 
1.0900e+00 2.9078e+02 
1.1000e+00 2.9967e+02 
1.1100e+00 3.0885e+02 
1.1200e+00 3.1826e+02 
1.1300e+00 3.2783e+02 
1.1400e+00 3.3746e+02 
1.1500e+00 3.4703e+02 
1.1600e+00 3.5642e+02 
1.1700e+00 3.6549e+02 
1.1800e+00 3.7410e+02 
1.1900e+00 3.8209e+02 
1.2000e+00 3.8934e+02 
1.2100e+00 3.9572e+02 
1.2200e+00 4.0114e+02 
1.2300e+00 4.0552e+02 
1.2400e+00 4.0882e+02 
1.2500e+00 4.1104e+02 
1.2600e+00 4.1219e+02 
1.2700e+00 4.1234e+02 
1.2800e+00 4.1155e+02 
1.2900e+00 4.0992e+02 
1.3000e+00 4.0756e+02 
1.3100e+00 4.0457e+02 
1.3200e+00 4.0107e+02 
1.3300e+00 3.9716e+02 
1.3400e+00 3.9295e+02 
1.3500e+00 3.8853e+02 
1.3600e+00 3.8396e+02 
1.3700e+00 3.7933e+02 
1.3800e+00 3.7470e+02 
1.3900e+00 3.7011e+02 
1.4000e+00 3.6559e+02 
1.4100e+00 3.6119e+02 
1.4200e+00 3.5693e+02 
1.4300e+00 3.5283e+02 
1.4400e+00 3.4889e+02 
1.4500e+00 3.4512e+02 
1.4600e+00 3.4154e+02 
1.4700e+00 3.3814e+02 
1.4800e+00 3.3493e+02 
1.4900e+00 3.3190e+02 
1.5000e+00 3.2905e+02 
1.5100e+00 3.2637e+02 
1.5200e+00 3.2386e+02 
1.5300e+00 3.2151e+02 
1.5400e+00 3.1933e+02 
1.5500e+00 3.1730e+02 
1.5600e+00 3.1542e+02 
1.5700e+00 3.1367e+02 
1.5800e+00 3.1207e+02 
1.5900e+00 3.1060e+02 
1.6000e+00 3.0925e+02 
1.6100e+00 3.0802e+02 
1.6200e+00 3.0691e+02 
1.6300e+00 3.0591e+02 
1.6400e+00 3.0502e+02 
1.6500e+00 3.0423e+02 
1.6600e+00 3.0354e+02 
1.6700e+00 3.0295e+02 
1.6800e+00 3.0244e+02 
1.6900e+00 3.0203e+02 
1.7000e+00 3.0170e+02 
1.7100e+00 3.0146e+02 
1.7200e+00 3.0130e+02 
1.7300e+00 3.0122e+02 
1.7400e+00 3.0121e+02 
1.7500e+00 3.0127e+02 
1.7600e+00 3.0141e+02 
1.7700e+00 3.0162e+02 
1.7800e+00 3.0190e+02 
1.7900e+00 3.0224e+02 
1.8000e+00 3.0265e+02 
1.8100e+00 3.0313e+02 
1.8200e+00 3.0366e+02 
1.8300e+00 3.0426e+02 
1.8400e+00 3.0491e+02 
1.8500e+00 3.0563e+02 
1.8600e+00 3.0640e+02 
1.8700e+00 3.0723e+02 
1.8800e+00 3.0811e+02 
1.8900e+00 3.0904e+02 
1.9000e+00 3.1003e+02 
1.9100e+00 3.1107e+02 
1.9200e+00 3.1215e+02 
1.9300e+00 3.1329e+02 
1.9400e+00 3.1447e+02 
1.9500e+00 3.1569e+02 
1.9600e+00 3.1696e+02 
1.9700e+00 3.1827e+02 
1.9800e+00 3.1962e+02 
1.9900e+00 3.2101e+02 
2.0000e+00 3.2243e+02 
2.0100e+00 3.2389e+02 
2.0200e+00 3.2537e+02 
2.0300e+00 3.2689e+02 
2.0400e+00 3.2843e+02 
2.0500e+00 3.3000e+02 
2.0600e+00 3.3159e+02 
2.0700e+00 3.3320e+02 
2.0800e+00 3.3482e+02 
2.0900e+00 3.3646e+02 
2.1000e+00 3.3810e+02 
2.1100e+00 3.3976e+02 
2.1200e+00 3.4141e+02 
2.1300e+00 3.4307e+02 
2.1400e+00 3.4472e+02 
2.1500e+00 3.4637e+02 
2.1600e+00 3.4800e+02 
2.1700e+00 3.4963e+02 
2.1800e+00 3.5123e+02 
2.1900e+00 3.5282e+02 
2.2000e+00 3.5438e+02 
2.2100e+00 3.5591e+02 
2.2200e+00 3.5742e+02 
2.2300e+00 3.5889e+02 
2.2400e+00 3.6032e+02 
2.2500e+00 3.6171e+02 
2.2600e+00 3.6306e+02 
2.2700e+00 3.6437e+02 
2.2800e+00 3.6562e+02 
2.2900e+00 3.6683e+02 
2.3000e+00 3.6798e+02 
2.3100e+00 3.6908e+02 
2.3200e+00 3.7013e+02 
2.3300e+00 3.7111e+02 
2.3400e+00 3.7204e+02 
2.3500e+00 3.7291e+02 
2.3600e+00 3.7371e+02 
2.3700e+00 3.7446e+02 
2.3800e+00 3.7514e+02 
2.3900e+00 3.7577e+02 
2.4000e+00 3.7633e+02 
2.4100e+00 3.7683e+02 
2.4200e+00 3.7727e+02 
2.4300e+00 3.7765e+02 
2.4400e+00 3.7797e+02 
2.4500e+00 3.7824e+02 
2.4600e+00 3.7845e+02 
2.4700e+00 3.7860e+02 
2.4800e+00 3.7870e+02 
2.4900e+00 3.7875e+02 
2.5000e+00 3.7875e+02 
2.5100e+00 3.7871e+02 
2.5200e+00 3.7861e+02 
2.5300e+00 3.7848e+02 
2.5400e+00 3.7830e+02 
2.5500e+00 3.7808e+02 
2.5600e+00 3.7783e+02 
2.5700e+00 3.7754e+02 
2.5800e+00 3.7721e+02 
2.5900e+00 3.7686e+02 
2.6000e+00 3.7648e+02 
2.6100e+00 3.7607e+02 
2.6200e+00 3.7564e+02 
2.6300e+00 3.7518e+02 
2.6400e+00 3.7471e+02 
2.6500e+00 3.7421e+02 
2.6600e+00 3.7370e+02 
2.6700e+00 3.7318e+02 
2.6800e+00 3.7264e+02 
2.6900e+00 3.7209e+02 
2.7000e+00 3.7153e+02 
2.7100e+00 3.7096e+02 
2.7200e+00 3.7039e+02 
2.7300e+00 3.6981e+02 
2.7400e+00 3.6923e+02 
2.7500e+00 3.6865e+02 
2.7600e+00 3.6806e+02 
2.7700e+00 3.6748e+02 
2.7800e+00 3.6689e+02 
2.7900e+00 3.6631e+02 
2.8000e+00 3.6574e+02 
2.8100e+00 3.6516e+02 
2.8200e+00 3.6460e+02 
2.8300e+00 3.6404e+02 
2.8400e+00 3.6348e+02 
2.8500e+00 3.6293e+02 
2.8600e+00 3.6240e+02 
2.8700e+00 3.6186e+02 
2.8800e+00 3.6134e+02 
2.8900e+00 3.6083e+02 
2.9000e+00 3.6033e+02 
2.9100e+00 3.5984e+02 
2.9200e+00 3.5936e+02 
2.9300e+00 3.5889e+02 
2.9400e+00 3.5844e+02 
2.9500e+00 3.5799e+02 
2.9600e+00 3.5756e+02 
2.9700e+00 3.5714e+02 
2.9800e+00 3.5674e+02 
2.9900e+00 3.5634e+02 
3.0000e+00 3.5596e+02 
3.0100e+00 3.5559e+02 
3.0200e+00 3.5523e+02 
3.0300e+00 3.5489e+02 
3.0400e+00 3.5456e+02 
3.0500e+00 3.5424e+02 
3.0600e+00 3.5394e+02 
3.0700e+00 3.5365e+02 
3.0800e+00 3.5337e+02 
3.0900e+00 3.5310e+02 
3.1000e+00 3.5284e+02 
3.1100e+00 3.5260e+02 
3.1200e+00 3.5237e+02 
3.1300e+00 3.5215e+02 
3.1400e+00 3.5195e+02 
3.1500e+00 3.5175e+02 
3.1600e+00 3.5157e+02 
3.1700e+00 3.5140e+02 
3.1800e+00 3.5124e+02 
3.1900e+00 3.5109e+02 
3.2000e+00 3.5095e+02 
3.2100e+00 3.5082e+02 
3.2200e+00 3.5070e+02 
3.2300e+00 3.5059e+02 
3.2400e+00 3.5049e+02 
3.2500e+00 3.5039e+02 
3.2600e+00 3.5031e+02 
3.2700e+00 3.5024e+02 
3.2800e+00 3.5017e+02 
3.2900e+00 3.5011e+02 
3.3000e+00 3.5006e+02 
3.3100e+00 3.5002e+02 
3.3200e+00 3.4998e+02 
3.3300e+00 3.4995e+02 
3.3400e+00 3.4992e+02 
3.3500e+00 3.4990e+02 
3.3600e+00 3.4989e+02 
3.3700e+00 3.4988e+02 
3.3800e+00 3.4988e+02 
3.3900e+00 3.4988e+02 
3.4000e+00 3.4988e+02 
3.4100e+00 3.4989e+02 
3.4200e+00 3.4990e+02 
3.4300e+00 3.4992e+02 
3.4400e+00 3.4994e+02 
3.4500e+00 3.4996e+02 
3.4600e+00 3.4998e+02 
3.4700e+00 3.5000e+02 
3.4800e+00 3.5002e+02 
3.4900e+00 3.5005e+02 
3.5000e+00 3.5007e+02 
